% Simple motion regarding inserting the end effector in opeed boxes %

r	0	0.772843	0.471028	0.258039	0.796963	0.0625158	-0.0231888	0.600337

r	1	0.692022	0.0192996	0.0362718	0.973985	0.0313145	0.0931521	0.204196

r	2	0.775691	0.468224	0.268588	0.837943	0.0264219	-0.0331482	0.544108

r	3	0.717824	-0.249774	0.130472	0.909783	-0.0234972	-0.0438539	0.412092

r	4	0.77778	0.461781	0.271385	0.875581	0.0185989	-0.0433043	0.480767

r	5	0.737604	-0.594132	0.0537947	0.946759	-0.00312908	-0.00889396	0.321804

