% set_pose_nothing_a_sim_path_res  right_arm  basic_scene %
% right-left-both	planner_name	iteration	num_goal_pose	motion_success	num_saved_position	joint_values_starting_from_shoulder2end-effector %
r	BKPIECEConfigDefault	0	0	1	8	-1.69002	-0.399986	1.71994	0.949959	0.230037	1.61006	-1.26007	-1.65682	-0.375927	1.70955	1.0002	0.235255	1.51545	-1.29313	-1.52676	-0.292065	1.67315	1.17268	0.251136	1.19135	-1.40424	-1.31148	-0.18722	1.62923	1.38537	0.272099	0.791185	-1.54233	-1.1115	-0.107854	1.59654	1.54389	0.287315	0.494303	-1.64536	-1.03911	-0.0864734	1.58875	1.58518	0.29184	0.414947	-1.67264	-1.0356	-0.08648	1.58794	1.58522	0.291518	0.414775	-1.67261	-1.03555	-0.0865659	1.58833	1.58524	0.291691	0.414946	-1.67259
r	BKPIECEConfigDefault	0	1	1	12	-1.03555	-0.0865395	1.58825	1.58524	0.291662	0.414918	-1.67259	-0.998233	-0.0908116	1.58878	1.57124	0.202499	0.401365	-1.58288	-0.944545	-0.0971711	1.58983	1.55005	0.0719376	0.380274	-1.4515	-0.713304	-0.11644	1.59173	1.48748	-0.328721	0.321017	-1.04799	-0.45021	-0.135753	1.5938	1.42451	-0.725429	0.259566	-0.649615	-0.186711	-0.155206	1.59574	1.36157	-1.11843	0.199542	-0.254511	0.0766997	-0.174465	1.59808	1.29888	-1.51894	0.138648	0.149621	0.340613	-0.193816	1.60003	1.23588	-1.91678	0.0778514	0.549221	0.60426	-0.213057	1.60227	1.17292	-2.31287	0.0174778	0.947608	0.788108	-0.222115	1.60326	1.14383	-2.49778	-0.0114034	1.1339	0.825896	-0.222943	1.60316	1.14074	-2.5164	-0.0141829	1.15258	0.826435	-0.222965	1.60321	1.14072	-2.5164	-0.014185	1.15258
r	BKPIECEConfigDefault	0	2	1	9	0.82644	-0.222966	1.60321	1.14072	-2.5164	-0.0141842	1.15258	0.805885	-0.205335	1.67329	1.16168	-2.46406	0.0559169	1.08838	0.720874	-0.134597	1.95758	1.24743	-2.25355	0.34228	0.829947	0.601915	-0.0585292	2.25757	1.33751	-2.03152	0.642695	0.556154	0.482528	0.0169038	2.55624	1.42662	-1.80808	0.940449	0.280471	0.363271	0.0933501	2.85747	1.51795	-1.58619	1.24423	0.00902736	0.26633	0.140664	3.03982	1.57289	-1.45095	1.42702	-0.155896	0.250614	0.144577	3.05418	1.57709	-1.44067	1.44143	-0.169536	0.250403	0.144597	3.05417	1.57719	-1.44043	1.44195	-0.169468
r	BKPIECEConfigDefault	1	0	1	8	-1.68992	-0.399913	1.71992	0.949943	0.229999	1.61005	-1.26001	-1.65498	-0.375011	1.70916	1.00137	0.234991	1.51312	-1.2931	-1.52211	-0.289486	1.67212	1.17735	0.250871	1.18258	-1.40745	-1.30678	-0.184531	1.62917	1.39094	0.271899	0.780587	-1.54555	-1.1086	-0.106511	1.59585	1.54527	0.285836	0.491266	-1.64579	-1.03891	-0.0862121	1.58963	1.58563	0.290639	0.415068	-1.67187	-1.03558	-0.0860082	1.58835	1.58547	0.290052	0.414542	-1.67196	-1.03553	-0.0861216	1.58871	1.5855	0.290205	0.414703	-1.67195
r	BKPIECEConfigDefault	1	1	1	13	-1.03553	-0.086098	1.58867	1.58549	0.290191	0.414688	-1.67195	-1.00371	-0.0891156	1.58952	1.57393	0.202053	0.40367	-1.58401	-0.874061	-0.0999701	1.59286	1.53116	-0.124256	0.362572	-1.25865	-0.656062	-0.113876	1.59669	1.47824	-0.525097	0.312705	-0.859149	-0.433566	-0.127405	1.60033	1.42583	-0.923516	0.2613	-0.462366	-0.211019	-0.141036	1.60428	1.37339	-1.3253	0.211208	-0.0614099	0.0116557	-0.154752	1.60797	1.32051	-1.72397	0.160424	0.335284	0.234123	-0.168436	1.61177	1.26811	-2.12426	0.11013	0.734874	0.456707	-0.182049	1.61534	1.21509	-2.52451	0.0584529	1.13352	0.677963	-0.195038	1.61916	1.16515	-2.90764	0.0109554	1.515	0.809386	-0.200317	1.62082	1.14463	-3.05925	-0.00869117	1.66546	0.827527	-0.200308	1.62078	1.14481	-3.05773	-0.00867588	1.66407	0.827717	-0.200293	1.62077	1.14481	-3.05773	-0.00866284	1.66407
r	BKPIECEConfigDefault	1	2	1	10	0.827718	-0.200293	1.62077	1.14481	-3.05773	-0.00866276	1.66407	0.773541	-0.232783	1.64031	1.16658	-3.02931	-0.0622112	1.68079	0.55826	-0.330937	1.70015	1.2306	-2.94468	-0.218631	1.73044	0.260159	-0.438928	1.76417	1.30026	-2.85315	-0.390109	1.78449	-0.0397587	-0.547331	1.82876	1.37051	-2.76077	-0.562785	1.83858	-0.339811	-0.655713	1.89311	1.44059	-2.66891	-0.734645	1.89314	-0.580509	-0.725757	1.93348	1.48513	-2.61074	-0.843575	1.92713	-0.648128	-0.73461	1.93916	1.48988	-2.60298	-0.85635	1.93137	-0.651031	-0.73462	1.93876	1.48998	-2.60332	-0.856164	1.93131	-0.651154	-0.734622	1.93875	1.49	-2.60333	-0.856196	1.93132
r	BKPIECEConfigDefault	2	0	1	8	-1.69003	-0.39992	1.71999	0.950019	0.230017	1.60996	-1.26006	-1.6561	-0.375455	1.70957	1.00049	0.234965	1.51451	-1.29286	-1.5253	-0.291526	1.67313	1.1735	0.250563	1.19017	-1.40447	-1.31054	-0.186786	1.62965	1.38721	0.27226	0.787646	-1.54345	-1.1109	-0.107648	1.59649	1.545	0.286764	0.491787	-1.64588	-1.039	-0.0865196	1.58931	1.5862	0.291339	0.413037	-1.67273	-1.03549	-0.0864744	1.58833	1.5862	0.290955	0.412825	-1.6727	-1.03544	-0.0865705	1.58872	1.58622	0.291127	0.412998	-1.67269
r	BKPIECEConfigDefault	2	1	1	11	-1.03543	-0.0865444	1.58866	1.58622	0.291101	0.412973	-1.67269	-0.986618	-0.0728495	1.61671	1.56915	0.205029	0.411912	-1.61557	-0.776695	-0.0266979	1.71248	1.51061	-0.0909832	0.409128	-1.41932	-0.479651	0.0233086	1.8154	1.44715	-0.40269	0.404497	-1.21632	-0.179433	0.0752215	1.92173	1.38313	-0.734121	0.402874	-0.993334	0.120477	0.126276	2.02639	1.31973	-1.05738	0.400634	-0.778639	0.420337	0.176997	2.13011	1.25548	-1.37515	0.396044	-0.569506	0.719905	0.227781	2.23371	1.19238	-1.69519	0.392606	-0.357402	0.934827	0.254308	2.28659	1.16003	-1.85707	0.391559	-0.250744	0.973407	0.254716	2.28747	1.15942	-1.86021	0.391109	-0.248539	0.973983	0.25472	2.2875	1.15943	-1.86019	0.391098	-0.248526
r	BKPIECEConfigDefault	2	2	1	20	0.973988	0.254719	2.2875	1.15943	-1.86019	0.391093	-0.248526	0.968983	0.257031	2.26992	1.17495	-1.7578	0.36154	-0.225119	0.953995	0.26422	2.21537	1.22331	-1.4401	0.269635	-0.151601	0.93589	0.273605	2.14755	1.28389	-1.04333	0.155811	-0.0588541	0.908208	0.273756	2.07443	1.34829	-0.6403	0.0285557	0.0509487	0.874997	0.272874	2.00073	1.41323	-0.239829	-0.101253	0.163903	0.80983	0.241373	1.91448	1.48626	0.149616	-0.266011	0.333637	0.73032	0.185961	1.8515	1.53761	0.346499	-0.402412	0.497827	0.613952	0.1263	1.80715	1.57141	0.434097	-0.507044	0.633552	0.489643	-0.0028705	1.78369	1.58256	0.221443	-0.610216	0.826466	0.284592	-0.147472	1.77233	1.57898	-0.0972325	-0.693776	1.00886	0.088467	-0.302325	1.77213	1.56725	-0.497405	-0.766783	1.1882	-0.0869569	-0.434745	1.78215	1.54781	-0.898261	-0.810799	1.32691	-0.243825	-0.560723	1.79192	1.52886	-1.2786	-0.851564	1.46366	-0.403629	-0.687987	1.80453	1.50752	-1.68	-0.888197	1.59281	-0.557779	-0.812231	1.818	1.48597	-2.07592	-0.922456	1.71584	-0.671525	-0.882929	1.82512	1.47392	-2.29709	-0.941003	1.7853	-0.704863	-0.897373	1.82655	1.47168	-2.34052	-0.94496	1.79958	-0.706486	-0.89737	1.82672	1.47164	-2.34035	-0.94509	1.79961	-0.706546	-0.897367	1.82672	1.47162	-2.34033	-0.94506	1.79961
r	BKPIECEConfigDefault	3	0	1	8	-1.68993	-0.400025	1.72002	0.950076	0.230087	1.60993	-1.25995	-1.65462	-0.374892	1.70917	1.00156	0.234965	1.51273	-1.2932	-1.52068	-0.289194	1.67193	1.17883	0.251656	1.17907	-1.40787	-1.30478	-0.184901	1.62803	1.39121	0.273072	0.778841	-1.5457	-1.10689	-0.107396	1.59506	1.54452	0.287126	0.489606	-1.6449	-1.03799	-0.0877747	1.58884	1.58418	0.292206	0.415554	-1.67088	-1.03476	-0.0875058	1.5875	1.58399	0.291575	0.414915	-1.67099	-1.0347	-0.0876188	1.58782	1.58401	0.291705	0.415054	-1.67099
r	BKPIECEConfigDefault	3	1	1	13	-1.0347	-0.0875986	1.5878	1.58401	0.291698	0.415045	-1.67098	-1.00231	-0.0906605	1.58855	1.57229	0.202569	0.403899	-1.58228	-0.871309	-0.10179	1.59154	1.52898	-0.124062	0.362315	-1.25699	-0.653138	-0.115533	1.59532	1.47649	-0.52476	0.311894	-0.857032	-0.430733	-0.129237	1.59903	1.424	-0.923408	0.261544	-0.459348	-0.208123	-0.142902	1.60268	1.37121	-1.32399	0.210518	-0.0599478	0.0142063	-0.156624	1.60656	1.31878	-1.72315	0.160228	0.338049	0.236949	-0.170287	1.61012	1.26607	-2.12299	0.109555	0.736328	0.459553	-0.183999	1.61385	1.21346	-2.52299	0.0585936	1.13498	0.680342	-0.197023	1.61729	1.16351	-2.90452	0.010635	1.5154	0.810485	-0.20229	1.61891	1.14354	-3.05695	-0.00836101	1.66738	0.827942	-0.202255	1.61876	1.14361	-3.05616	-0.00850096	1.6668	0.828118	-0.202242	1.61875	1.1436	-3.05617	-0.0084882	1.6668
r	BKPIECEConfigDefault	3	2	0	0
r	BKPIECEConfigDefault	4	0	1	8	-1.68996	-0.399992	1.71998	0.949965	0.229965	1.61001	-1.26002	-1.65598	-0.375658	1.70964	1.0002	0.234821	1.51486	-1.29269	-1.52434	-0.291329	1.67271	1.17427	0.250937	1.1879	-1.40488	-1.30904	-0.187103	1.62904	1.38707	0.272023	0.786865	-1.54242	-1.10956	-0.108505	1.59591	1.54374	0.28656	0.492548	-1.64403	-1.03829	-0.0877583	1.58874	1.58475	0.291508	0.414271	-1.67089	-1.03485	-0.0876613	1.5877	1.58472	0.291063	0.413894	-1.67091	-1.0348	-0.0877605	1.58808	1.58474	0.291227	0.414062	-1.67089
r	BKPIECEConfigDefault	4	1	1	26	-1.0348	-0.0877353	1.58802	1.58474	0.291205	0.41404	-1.67089	-1.04616	-0.120699	1.55351	1.58906	0.208651	0.369848	-1.67873	-1.07634	-0.245366	1.4096	1.60453	-0.11617	0.198871	-1.70615	-1.10806	-0.383979	1.22369	1.61923	-0.49555	0.0166858	-1.73176	-1.13041	-0.526547	1.02214	1.63378	-0.896139	-0.173638	-1.75756	-1.12749	-0.651165	0.783934	1.6425	-1.29301	-0.341309	-1.77009	-1.06149	-0.720542	0.507837	1.63799	-1.63344	-0.43799	-1.75172	-0.933112	-0.741166	0.221418	1.62264	-1.91163	-0.474301	-1.71971	-0.758693	-0.684357	-0.0635516	1.59276	-2.06116	-0.410937	-1.65618	-0.544755	-0.622815	-0.363059	1.56073	-2.21705	-0.341861	-1.58782	-0.311295	-0.528768	-0.664717	1.52172	-2.32136	-0.233003	-1.50574	-0.0653652	-0.433071	-0.965484	1.48411	-2.42456	-0.117603	-1.42563	0.192695	-0.314253	-1.26364	1.44074	-2.48601	0.0261385	-1.33463	0.464197	-0.187641	-1.56102	1.39664	-2.53723	0.178772	-1.24314	0.753303	-0.0395588	-1.86438	1.34682	-2.55687	0.358559	-1.13846	1.05047	0.122392	-2.14707	1.29828	-2.53959	0.556665	-1.03613	1.29706	0.237435	-2.31623	1.28299	-2.51859	0.66875	-0.976824	1.26884	0.458205	-2.39519	1.48799	-2.48415	0.531899	-1.00392	1.19309	0.758049	-2.51048	1.75299	-2.43847	0.359402	-1.03203	1.13248	0.937915	-2.57488	1.90663	-2.41131	0.259044	-1.04997	1.20153	0.826896	-2.59532	1.74734	-2.42726	0.411497	-1.00291	1.42082	0.614738	-2.63124	1.44738	-2.45816	0.700695	-0.914098	1.63974	0.459442	-2.65772	1.2365	-2.47948	0.904558	-0.851256	1.70037	0.434135	-2.66122	1.20285	-2.48303	0.936995	-0.841767	1.70138	0.434191	-2.66114	1.20277	-2.48323	0.937052	-0.841804	1.70139	0.434195	-2.66115	1.20277	-2.48324	0.937054	-0.841811
r	BKPIECEConfigDefault	4	2	1	8	1.70139	0.434195	-2.66115	1.20277	-2.48324	0.937055	-0.84181	1.66292	0.400202	-2.65333	1.22986	-2.4559	1.01952	-0.800749	1.48324	0.266648	-2.62208	1.33679	-2.34796	1.34225	-0.639145	1.18713	0.103133	-2.58439	1.46463	-2.21974	1.73149	-0.444693	0.93296	-0.00608346	-2.56093	1.54723	-2.13619	1.9852	-0.318911	0.858267	-0.0279129	-2.55568	1.56424	-2.1184	2.0348	-0.29414	0.854721	-0.0278612	-2.55565	1.56426	-2.1184	2.03516	-0.294126	0.854612	-0.0278605	-2.55562	1.56426	-2.11839	2.03509	-0.294127
r	ESTConfigDefault	0	0	1	8	-1.68997	-0.399909	1.71992	0.949961	0.229972	1.60997	-1.25997	-1.65379	-0.374197	1.70898	1.00282	0.234783	1.5108	-1.2941	-1.51967	-0.287564	1.67244	1.18329	0.252659	1.17144	-1.41165	-1.3036	-0.182812	1.62796	1.39414	0.272817	0.77491	-1.54783	-1.10714	-0.105614	1.59558	1.54724	0.287448	0.487448	-1.64777	-1.03904	-0.0860827	1.58974	1.58685	0.292254	0.413356	-1.6732	-1.03582	-0.0857721	1.58835	1.58662	0.291603	0.412524	-1.67333	-1.03577	-0.0858858	1.58864	1.58665	0.291717	0.41265	-1.67332
r	ESTConfigDefault	0	1	1	13	-1.03577	-0.085868	1.58863	1.58664	0.291715	0.412646	-1.67332	-1.00218	-0.0888857	1.58963	1.57452	0.199049	0.401554	-1.58068	-0.86887	-0.100228	1.59278	1.53094	-0.129983	0.360779	-1.25362	-0.650627	-0.113402	1.59705	1.47836	-0.531916	0.309789	-0.853495	-0.428366	-0.126694	1.60141	1.42646	-0.934158	0.259812	-0.452159	-0.194993	-0.140785	1.60554	1.37132	-1.35543	0.206982	-0.0331484	0.0274741	-0.154223	1.6095	1.31851	-1.7525	0.157294	0.362131	0.238799	-0.166873	1.6136	1.26872	-2.13476	0.110391	0.74245	0.461136	-0.180286	1.61755	1.21631	-2.53438	0.0602747	1.14073	0.681784	-0.192943	1.6214	1.16617	-2.91317	0.0122973	1.51744	0.810075	-0.198008	1.62322	1.14702	-3.05902	-0.00591853	1.6631	0.826923	-0.197934	1.623	1.14693	-3.059	-0.0062062	1.66269	0.827098	-0.197923	1.62299	1.14693	-3.059	-0.00619272	1.66269
r	ESTConfigDefault	0	2	1	10	0.8271	-0.197924	1.62299	1.14693	-3.059	-0.00619274	1.66269	0.785418	-0.261075	1.59605	1.1638	-2.98544	-0.0758682	1.65964	0.573841	-0.524955	1.48678	1.2326	-2.6783	-0.362401	1.63982	0.2749	-0.814396	1.3677	1.30659	-2.35314	-0.670844	1.6317	-0.0252792	-1.10118	1.25108	1.37972	-2.03169	-0.976075	1.62165	-0.325572	-1.38823	1.13426	1.45294	-1.7074	-1.28167	1.60844	-0.521732	-1.51827	1.08359	1.4841	-1.56798	-1.41423	1.60239	-0.549659	-1.51789	1.08327	1.48479	-1.56753	-1.41314	1.60218	-0.55103	-1.51789	1.0833	1.48486	-1.56766	-1.41318	1.6022	-0.551094	-1.51789	1.0833	1.48489	-1.56772	-1.4132	1.6022
r	ESTConfigDefault	1	0	1	8	-1.69006	-0.400047	1.71991	0.94992	0.23003	1.61008	-1.26004	-1.65678	-0.375957	1.70974	0.999442	0.234582	1.51662	-1.29209	-1.52792	-0.292383	1.67356	1.17335	0.251238	1.19053	-1.40502	-1.31249	-0.187983	1.62961	1.38519	0.272071	0.791497	-1.54184	-1.112	-0.108536	1.59706	1.54361	0.286709	0.495103	-1.6446	-1.03898	-0.0867598	1.58869	1.58574	0.291342	0.413566	-1.6723	-1.03538	-0.0868329	1.58804	1.58583	0.291078	0.413472	-1.67225	-1.03534	-0.0869077	1.58842	1.58585	0.291251	0.413642	-1.67223
r	ESTConfigDefault	1	1	1	11	-1.03533	-0.0868817	1.58834	1.58585	0.291219	0.413612	-1.67224	-0.976832	-0.0908181	1.59342	1.55973	0.240962	0.395506	-1.62591	-0.768762	-0.101305	1.60704	1.49038	0.107824	0.345957	-1.5035	-0.472274	-0.113044	1.6221	1.4132	-0.0388694	0.289226	-1.3694	-0.17203	-0.124932	1.63779	1.33386	-0.19518	0.233939	-1.22456	0.127996	-0.136809	1.65333	1.25537	-0.346832	0.178864	-1.08452	0.428043	-0.148627	1.66863	1.17734	-0.498449	0.12258	-0.944937	0.704783	-0.157834	1.6805	1.11715	-0.614379	0.0795038	-0.838101	0.822147	-0.16054	1.68394	1.0993	-0.648455	0.0672671	-0.8067	0.829202	-0.160497	1.68399	1.09903	-0.64855	0.066822	-0.806779	0.829261	-0.160511	1.68401	1.09903	-0.648548	0.066803	-0.80678
r	ESTConfigDefault	1	2	1	9	0.829261	-0.160511	1.68401	1.09903	-0.648548	0.0668044	-0.80678	0.805681	-0.143279	1.76094	1.12618	-0.693245	0.144494	-0.770617	0.72028	-0.0847466	2.03071	1.22053	-0.848426	0.414467	-0.64611	0.594017	-0.0174946	2.33153	1.32512	-1.02209	0.716806	-0.507266	0.460269	0.0526808	2.64665	1.43593	-1.2061	1.03222	-0.357701	0.339227	0.115454	2.92815	1.53389	-1.36885	1.31429	-0.22792	0.253582	0.144779	3.05418	1.57797	-1.44048	1.44189	-0.169042	0.250559	0.144653	3.05417	1.57799	-1.44083	1.44192	-0.169378	0.250472	0.144657	3.05418	1.578	-1.44081	1.442	-0.16937
r	ESTConfigDefault	2	0	1	12	-1.68991	-0.399916	1.71999	0.949903	0.230091	1.61005	-1.26004	-1.6469	-0.419789	1.63508	0.977545	0.298614	1.60935	-1.29216	-1.4656	-0.487029	1.3471	1.07126	0.532426	1.60601	-1.40143	-1.22364	-0.558309	1.04678	1.16939	0.77522	1.60227	-1.51427	-0.980431	-0.629429	0.747411	1.26695	1.01649	1.59819	-1.62836	-0.737584	-0.700326	0.448215	1.36435	1.25935	1.59492	-1.73883	-0.494046	-0.771711	0.147547	1.46247	1.5032	1.59167	-1.85314	-0.250828	-0.843009	-0.152031	1.56009	1.7456	1.58736	-1.96601	-0.00775106	-0.913683	-0.449546	1.65705	1.98647	1.58383	-2.07788	0.147884	-0.944624	-0.572517	1.69737	2.0869	1.58397	-2.12411	0.171506	-0.944253	-0.572676	1.69708	2.08638	1.58274	-2.12456	0.172255	-0.944242	-0.572691	1.69709	2.08637	1.58272	-2.12456
r	ESTConfigDefault	2	1	1	23	0.172279	-0.944242	-0.572691	1.69709	2.08637	1.58272	-2.12456	0.157469	-0.938189	-0.54909	1.67819	2.09962	1.54205	-2.01692	0.122115	-0.920427	-0.480517	1.62308	2.13822	1.42458	-1.70546	0.0646079	-0.89755	-0.393022	1.55283	2.18823	1.27452	-1.30628	0.00508748	-0.874802	-0.30547	1.48213	2.23827	1.12338	-0.904387	-0.051552	-0.848213	-0.20802	1.40978	2.27172	0.967492	-0.50162	-0.106488	-0.821716	-0.109896	1.33709	2.29829	0.812488	-0.101034	-0.161798	-0.794358	-0.00925798	1.26476	2.33245	0.654929	0.300029	-0.205083	-0.755594	0.122425	1.18699	2.31027	0.48331	0.696197	-0.244753	-0.719919	0.244027	1.11334	2.29988	0.320982	1.0778	-0.245102	-0.657613	0.436978	1.0361	2.1429	0.141566	1.40267	-0.236638	-0.614878	0.562461	0.990018	2.02561	0.031932	1.57839	-0.180103	-0.559271	0.71551	0.971317	1.75539	-0.0274545	1.52444	-0.0795499	-0.498391	0.872298	0.958733	1.45791	-0.0764328	1.42541	0.0410816	-0.434494	1.03214	0.968889	1.0745	-0.0810913	1.15868	0.186618	-0.370493	1.18708	0.9866	0.673604	-0.0685163	0.840038	0.340247	-0.309909	1.32971	1.01304	0.273306	-0.0393998	0.477319	0.494732	-0.250725	1.46756	1.04198	-0.12525	-0.00362164	0.102047	0.650971	-0.193799	1.59876	1.0744	-0.5231	0.0396959	-0.291722	0.785885	-0.154866	1.68538	1.09586	-0.787059	0.0692877	-0.55334	0.830399	-0.144755	1.70874	1.10162	-0.85772	0.0764651	-0.623239	0.831496	-0.144849	1.70885	1.10161	-0.857744	0.0764191	-0.623272	0.831503	-0.144853	1.70885	1.10161	-0.857745	0.0764224	-0.623272
r	ESTConfigDefault	2	2	1	16	0.831503	-0.144852	1.70885	1.10161	-0.857745	0.0764247	-0.623272	0.797226	-0.205879	1.74012	1.17678	-0.868875	0.0325027	-0.605093	0.660278	-0.381274	1.83018	1.39095	-0.850617	-0.108443	-0.517331	0.515224	-0.495416	1.90181	1.53242	-0.665962	-0.222904	-0.337504	0.381322	-0.544544	1.95016	1.59744	-0.366253	-0.310435	-0.102035	0.24647	-0.55887	1.99006	1.6238	0.0383109	-0.390872	0.194403	0.131635	-0.557935	2.02131	1.63261	0.438242	-0.456501	0.481824	0.031332	-0.544032	2.04691	1.62587	0.837874	-0.512331	0.763183	-0.0658269	-0.527891	2.07102	1.61613	1.23758	-0.566374	1.04335	-0.157838	-0.50487	2.09211	1.59874	1.64103	-0.616508	1.32335	-0.247299	-0.482922	2.1123	1.58121	2.03415	-0.664755	1.59716	-0.339801	-0.455828	2.1323	1.55856	2.45561	-0.71469	1.88856	-0.426604	-0.42952	2.15179	1.53755	2.85388	-0.761274	2.16332	-0.483791	-0.417507	2.16057	1.52765	3.03772	-0.782844	2.29064	-0.494034	-0.416171	2.16163	1.5265	3.059	-0.785123	2.30533	-0.4942	-0.416099	2.16158	1.52642	3.059	-0.784994	2.30526
r	ESTConfigDefault	3	0	1	8	-1.69	-0.400033	1.71993	0.950053	0.229915	1.60993	-1.26007	-1.65874	-0.376929	1.71023	0.997608	0.234574	1.52022	-1.29086	-1.53272	-0.294926	1.67488	1.16558	0.250252	1.20478	-1.39923	-1.3183	-0.189325	1.63136	1.37883	0.270366	0.80373	-1.53774	-1.11588	-0.107587	1.59857	1.54189	0.286546	0.498459	-1.64319	-1.03976	-0.0844839	1.58869	1.58522	0.290193	0.414176	-1.67216	-1.03588	-0.0847713	1.58881	1.58548	0.290246	0.4145	-1.67207	-1.03582	-0.0847889	1.58909	1.58549	0.290383	0.414617	-1.67206
r	ESTConfigDefault	3	1	1	65	-1.03581	-0.0847684	1.589	1.58549	0.290344	0.414582	-1.67206	-1.00877	-0.108413	1.53041	1.54884	0.25382	0.413701	-1.65302	-0.865496	-0.202457	1.29495	1.40785	0.107629	0.414131	-1.57328	-0.73764	-0.221722	1.23205	1.22053	-0.00545119	0.373384	-1.55904	-0.558788	-0.235056	1.19168	0.922842	-0.151996	0.300259	-1.59219	-0.373548	-0.241925	1.15337	0.66031	-0.287379	0.228382	-1.62324	-0.301555	-0.31052	1.2034	0.583979	-0.228636	0.275899	-1.61794	-0.354174	-0.574618	1.43037	0.496081	0.11409	0.523756	-1.57045	-0.424611	-0.874425	1.68322	0.397497	0.497227	0.800323	-1.51823	-0.495494	-1.17443	1.93629	0.298962	0.880125	1.07735	-1.46576	-0.550135	-1.35978	2.09345	0.237958	1.10606	1.24323	-1.4404	-0.534948	-1.32704	1.96626	0.278028	1.15564	1.20598	-1.33261	-0.473859	-1.2191	1.67151	0.36399	1.24968	1.09892	-1.10632	-0.401667	-1.11144	1.36979	0.452452	1.34078	0.992255	-0.876052	-0.328631	-1.00352	1.06945	0.541161	1.43195	0.884763	-0.646966	-0.255118	-0.89579	0.767907	0.629932	1.52449	0.778232	-0.418036	-0.181756	-0.787887	0.46811	0.718787	1.61601	0.670725	-0.187323	-0.108869	-0.679799	0.168962	0.807978	1.70616	0.563149	0.0397769	-0.0355403	-0.571645	-0.130885	0.89663	1.79709	0.455385	0.269077	0.0375213	-0.463702	-0.430555	0.985449	1.88791	0.347391	0.49785	0.110499	-0.355829	-0.730484	1.07414	1.97927	0.240281	0.726842	0.183658	-0.247608	-1.03174	1.16337	2.07074	0.133691	0.956431	0.256447	-0.139708	-1.33035	1.2514	2.16106	0.0230054	1.18494	0.32979	-0.0318775	-1.63112	1.34045	2.2524	-0.0825332	1.41471	0.403486	0.0765605	-1.93135	1.42956	2.34362	-0.188948	1.64444	0.477196	0.184053	-2.23232	1.5183	2.43416	-0.297853	1.87397	0.551323	0.292667	-2.53159	1.60754	2.52439	-0.403738	2.103	0.626351	0.393551	-2.80198	1.68621	2.61219	-0.497911	2.30761	0.659055	0.384473	-2.81984	1.70312	2.54305	-0.528713	2.35317	0.672753	0.253813	-2.62752	1.68836	2.20806	-0.548893	2.32715	0.692757	0.0975778	-2.40602	1.67266	1.80611	-0.573912	2.30406	0.713854	-0.057897	-2.18444	1.65722	1.40621	-0.598274	2.28042	0.735227	-0.214209	-1.96206	1.64128	1.00562	-0.62435	2.25334	0.75644	-0.369925	-1.73997	1.62606	0.606524	-0.650425	2.22866	0.777858	-0.525931	-1.51814	1.61013	0.205691	-0.675732	2.20272	0.79921	-0.681729	-1.29574	1.59449	-0.194351	-0.701377	2.17789	0.820844	-0.837657	-1.07347	1.5788	-0.594619	-0.726881	2.15257	0.842577	-0.993156	-0.851892	1.56315	-0.993281	-0.752876	2.12715	0.864317	-1.14912	-0.630519	1.5475	-1.39422	-0.779795	2.10246	0.883778	-1.29947	-0.414426	1.5321	-1.77947	-0.801572	2.07642	0.894609	-1.37761	-0.303607	1.52337	-1.97369	-0.812166	2.05829	0.829708	-1.30496	-0.250131	1.49656	-1.8672	-0.723423	1.87645	0.650795	-1.15106	-0.126809	1.43857	-1.65221	-0.530797	1.48113	0.437333	-0.994589	-0.00139852	1.38037	-1.43272	-0.336264	1.08004	0.223007	-0.837836	0.12312	1.32095	-1.21826	-0.142093	0.683032	0.00791079	-0.681145	0.248273	1.26255	-1.00045	0.0520974	0.282999	-0.207096	-0.524676	0.373221	1.20393	-0.78208	0.245505	-0.11685	-0.421868	-0.368235	0.498336	1.1452	-0.561256	0.43964	-0.519811	-0.580224	-0.285408	0.569826	1.1168	-0.446155	0.538161	-0.733628	-0.594851	-0.27473	0.479401	1.08765	-0.488522	0.5596	-0.634357	-0.53982	-0.268346	0.197351	1.01013	-0.644468	0.59166	-0.281849	-0.467501	-0.251511	-0.10244	0.941076	-0.7763	0.608914	0.0879385	-0.373449	-0.21814	-0.402283	0.893789	-0.852906	0.59864	0.443725	-0.276666	-0.180943	-0.703159	0.852037	-0.912871	0.580035	0.796552	-0.164099	-0.131218	-1.00233	0.827222	-0.925863	0.538121	1.13296	-0.0449662	-0.0752226	-1.30204	0.813022	-0.905925	0.478247	1.45696	0.104856	-0.00550956	-1.60043	0.820947	-0.816015	0.381505	1.74832	0.284427	0.085559	-1.89477	0.86361	-0.612979	0.224836	1.98733	0.504299	0.180826	-2.1934	0.917021	-0.361411	0.0409807	2.1956	0.746033	0.282223	-2.48645	0.985768	-0.0429162	-0.182569	2.35393	1.0445	0.389551	-2.77381	1.0726	0.352402	-0.45005	2.44985	1.33579	0.474544	-2.98962	1.15196	0.716011	-0.688189	2.47397	1.48835	0.500435	-3.05418	1.1775	0.839937	-0.769318	2.46682	1.49749	0.500144	-3.05383	1.17771	0.840369	-0.769124	2.46705	1.49753	0.500134	-3.05383	1.17771	0.840299	-0.769102	2.467
r	ESTConfigDefault	3	2	0	0
r	ESTConfigDefault	4	0	1	8	-1.68993	-0.399922	1.72007	0.949999	0.230031	1.61009	-1.26006	-1.65534	-0.375135	1.70932	1.00116	0.235195	1.51376	-1.29346	-1.52305	-0.289689	1.67192	1.17626	0.251045	1.18495	-1.40727	-1.30753	-0.184746	1.62918	1.3887	0.271955	0.785494	-1.54491	-1.10907	-0.10615	1.596	1.54472	0.286569	0.491647	-1.64639	-1.03906	-0.085655	1.58963	1.58515	0.291524	0.415775	-1.67273	-1.03565	-0.0854536	1.58832	1.585	0.29094	0.415279	-1.6728	-1.0356	-0.0855693	1.5887	1.58502	0.291098	0.415445	-1.67279
r	ESTConfigDefault	4	1	1	15	-1.0356	-0.0855448	1.58865	1.58502	0.291083	0.415428	-1.67279	-1.00402	-0.0876977	1.59024	1.57357	0.34712	0.404901	-1.57104	-0.89358	-0.0942555	1.59507	1.53756	0.532343	0.370106	-1.25428	-0.709108	-0.103249	1.60006	1.49302	0.76386	0.326612	-0.854439	-0.520323	-0.11178	1.60573	1.44787	0.995331	0.282578	-0.453512	-0.331671	-0.120427	1.61109	1.4035	1.22807	0.238959	-0.0517311	-0.143016	-0.129057	1.61662	1.35875	1.45899	0.195953	0.347864	0.045538	-0.137732	1.62192	1.31401	1.68872	0.152968	0.747427	0.234314	-0.14632	1.62756	1.26889	1.92097	0.109269	1.1484	0.423124	-0.154911	1.63299	1.22399	2.15196	0.065826	1.54874	0.611845	-0.163501	1.63849	1.1795	2.38213	0.0222887	1.94702	0.773335	-0.169125	1.6423	1.15023	2.53513	-0.00642676	2.20965	0.827155	-0.170635	1.64312	1.14243	2.57501	-0.0137555	2.278	0.828726	-0.170612	1.64318	1.14239	2.57512	-0.0136985	2.2781	0.828737	-0.170612	1.64317	1.14239	2.57511	-0.0137001	2.2781
r	ESTConfigDefault	4	2	1	24	0.828737	-0.170612	1.64317	1.14239	2.57511	-0.0137002	2.2781	0.821501	-0.183737	1.56924	1.12073	2.53595	0.0195877	2.20576	0.79607	-0.231333	1.29261	1.04012	2.38735	0.14216	1.9348	0.762895	-0.284891	0.992529	0.952546	2.22899	0.276682	1.6423	0.729827	-0.338677	0.692385	0.865295	2.05784	0.409939	1.34759	0.689184	-0.394292	0.393333	0.778927	1.86015	0.539247	1.05022	0.648294	-0.449801	0.0944067	0.692892	1.66669	0.669003	0.75518	0.599351	-0.508347	-0.18726	0.616378	1.38812	0.778842	0.468528	0.527834	-0.568459	-0.466866	0.53977	1.09645	0.893724	0.18084	0.460345	-0.607668	-0.568785	0.522815	0.741514	0.909116	0.0532758	0.372356	-0.642937	-0.65039	0.510104	0.418911	0.918718	-0.0515841	0.302251	-0.64797	-0.521686	0.56436	0.0888803	0.822584	0.0370043	0.204192	-0.655769	-0.376421	0.626014	-0.305941	0.711088	0.137707	0.109865	-0.644605	-0.108413	0.725396	-0.675048	0.541752	0.35223	0.00709794	-0.631828	0.187646	0.835001	-1.07801	0.356403	0.593134	-0.0858134	-0.615202	0.471708	0.937401	-1.40224	0.18293	0.826589	-0.169416	-0.595977	0.772138	1.0449	-1.72329	0.00211669	1.07993	-0.253497	-0.57686	1.07131	1.15225	-2.04218	-0.179294	1.32877	-0.334816	-0.555852	1.3717	1.25927	-2.33857	-0.357494	1.58132	-0.412301	-0.534744	1.66914	1.36481	-2.62614	-0.533977	1.82851	-0.490495	-0.51408	1.97105	1.47112	-2.91776	-0.713196	2.08526	-0.540285	-0.50622	2.09736	1.51574	-3.03895	-0.787775	2.19149	-0.543857	-0.50531	2.09692	1.51545	-3.03999	-0.788154	2.19112	-0.543805	-0.505106	2.0962	1.5153	-3.04045	-0.787803	2.19104
r	KPIECEConfigDefault	0	0	1	8	-1.68999	-0.400083	1.71993	0.95005	0.22994	1.60992	-1.2599	-1.65591	-0.375475	1.70945	1.00096	0.234719	1.5143	-1.2931	-1.52398	-0.291304	1.67322	1.17426	0.251585	1.18711	-1.40444	-1.30849	-0.186873	1.62812	1.38559	0.270422	0.790782	-1.54152	-1.10976	-0.107944	1.59607	1.54479	0.285912	0.491318	-1.64423	-1.03874	-0.0872756	1.5891	1.58571	0.290984	0.413597	-1.67103	-1.03528	-0.0871573	1.58799	1.58561	0.290498	0.413281	-1.67107	-1.03523	-0.0872611	1.58837	1.58563	0.290661	0.41345	-1.67106
r	KPIECEConfigDefault	0	1	1	11	-1.03523	-0.087236	1.58831	1.58563	0.290641	0.41343	-1.67106	-0.983826	-0.0842033	1.60143	1.56458	0.21032	0.402014	-1.60351	-0.767859	-0.0744734	1.64419	1.49533	-0.0522541	0.365055	-1.3831	-0.46991	-0.0640066	1.69013	1.42136	-0.333768	0.324279	-1.147	-0.170117	-0.0536622	1.73577	1.3481	-0.612924	0.284804	-0.912522	0.129923	-0.0433124	1.78132	1.27419	-0.893957	0.243855	-0.676585	0.429954	-0.0329587	1.82711	1.20023	-1.17528	0.20475	-0.439445	0.720964	-0.0240382	1.86548	1.13827	-1.40936	0.171027	-0.24311	0.845938	-0.021867	1.8759	1.1216	-1.47223	0.161183	-0.191993	0.852411	-0.0218201	1.87591	1.12136	-1.47234	0.161133	-0.192027	0.852463	-0.0218193	1.87592	1.12136	-1.47234	0.161129	-0.192027
r	KPIECEConfigDefault	0	2	1	22	0.852463	-0.0218199	1.87592	1.12136	-1.47234	0.161127	-0.192027	0.813875	-0.0589947	1.8361	1.10317	-1.43196	0.132519	-0.120751	0.608641	-0.22214	1.66199	1.02384	-1.25599	0.00796975	0.189851	0.310244	-0.398835	1.45532	0.940818	-1.0686	-0.118091	0.521606	0.00887171	-0.573905	1.22261	0.860323	-0.882366	-0.234792	0.852436	-0.258466	-0.708079	0.93159	0.807482	-0.741962	-0.289362	1.11066	-0.47387	-0.794982	0.655334	0.78265	-0.655622	-0.301842	1.27899	-0.56747	-0.828376	0.356563	0.786576	-0.619696	-0.255935	1.3617	-0.619053	-0.817496	0.0566065	0.816396	-0.636187	-0.158912	1.35657	-0.585672	-0.772473	-0.240891	0.864426	-0.685606	-0.0298682	1.29471	-0.550727	-0.714315	-0.543014	0.921057	-0.748585	0.115169	1.20884	-0.460662	-0.628304	-0.842682	0.99175	-0.843085	0.285925	1.073	-0.365078	-0.542176	-1.14286	1.06299	-0.93615	0.458808	0.937827	-0.256672	-0.440558	-1.44253	1.14299	-1.04671	0.648079	0.773261	-0.127579	-0.332388	-1.74343	1.22628	-1.16277	0.841443	0.59847	0.00224113	-0.224784	-2.04372	1.30933	-1.28041	1.03878	0.423776	0.140256	-0.109025	-2.34161	1.39683	-1.40572	1.24059	0.234989	0.283462	0.00913878	-2.64183	1.48637	-1.53276	1.44379	0.0415993	0.425811	0.109105	-2.89513	1.56005	-1.63932	1.61972	-0.118603	0.48253	0.138929	-2.9688	1.58246	-1.67037	1.67024	-0.16645	0.484826	0.13911	-2.96853	1.58216	-1.67099	1.66948	-0.166418	0.484891	0.139109	-2.96854	1.58217	-1.67099	1.66951	-0.166419
r	KPIECEConfigDefault	1	0	1	8	-1.68997	-0.399977	1.7199	0.950068	0.230058	1.60993	-1.26008	-1.65639	-0.375892	1.7094	1.00004	0.235428	1.51492	-1.29207	-1.52496	-0.292263	1.67262	1.17117	0.24954	1.19437	-1.40253	-1.31	-0.187597	1.62925	1.3861	0.271682	0.789491	-1.54249	-1.11041	-0.108871	1.59585	1.54381	0.286596	0.493857	-1.64457	-1.0386	-0.0877867	1.58855	1.58522	0.29133	0.414254	-1.67162	-1.03516	-0.0877581	1.58772	1.5852	0.290988	0.414142	-1.67161	-1.03511	-0.0878412	1.58807	1.58522	0.291144	0.414303	-1.6716
r	KPIECEConfigDefault	1	1	1	13	-1.0351	-0.0878174	1.58801	1.58522	0.29112	0.41428	-1.6716	-0.987606	-0.0685335	1.63394	1.57238	0.207173	0.423903	-1.63223	-0.777289	-0.00204152	1.79352	1.52784	-0.0853848	0.45665	-1.49615	-0.48002	0.0713643	1.96761	1.47845	-0.400359	0.493936	-1.35163	-0.180268	0.145129	2.14179	1.43045	-0.719656	0.53287	-1.20443	0.119321	0.218417	2.31469	1.38227	-1.03593	0.565652	-1.0564	0.419177	0.291968	2.48859	1.33347	-1.35263	0.602294	-0.910568	0.719059	0.365513	2.66229	1.28484	-1.66962	0.638161	-0.764513	1.01871	0.439086	2.83534	1.2366	-1.98613	0.674606	-0.617451	1.25499	0.482791	2.93623	1.2082	-2.17083	0.695438	-0.531848	1.30813	0.486653	2.94482	1.20591	-2.18575	0.697537	-0.524839	1.30922	0.486714	2.94482	1.20584	-2.18595	0.697566	-0.524936	1.30923	0.486717	2.94482	1.20584	-2.18594	0.697572	-0.524929
r	KPIECEConfigDefault	1	2	1	8	1.30923	0.486717	2.94482	1.20584	-2.18594	0.697572	-0.52493	1.25824	0.459635	2.95347	1.23586	-2.12546	0.75762	-0.495886	1.037	0.369037	2.98327	1.33656	-1.92559	0.957011	-0.40077	0.738085	0.272665	3.01425	1.44211	-1.71466	1.16807	-0.299925	0.438125	0.175881	3.04517	1.54772	-1.50372	1.3779	-0.199421	0.267709	0.145883	3.05411	1.57949	-1.43976	1.44261	-0.168667	0.250614	0.145405	3.05418	1.57922	-1.44097	1.44103	-0.169089	0.250053	0.145404	3.05417	1.57925	-1.44089	1.44113	-0.169085
r	KPIECEConfigDefault	2	0	1	8	-1.69005	-0.400078	1.72008	0.949944	0.230031	1.60993	-1.26005	-1.6517	-0.373287	1.70837	1.00523	0.23523	1.50631	-1.29584	-1.51156	-0.284404	1.6701	1.18835	0.252931	1.16074	-1.41484	-1.2951	-0.179729	1.6259	1.40102	0.273444	0.761124	-1.5529	-1.10176	-0.105115	1.59434	1.54782	0.287708	0.483906	-1.64848	-1.03774	-0.0873806	1.58901	1.58493	0.29188	0.415926	-1.67212	-1.03508	-0.0869604	1.58799	1.5847	0.291414	0.415005	-1.67221	-1.03501	-0.0870238	1.58797	1.5847	0.291387	0.414987	-1.67222
r	KPIECEConfigDefault	2	1	1	12	-1.03501	-0.0870276	1.58803	1.5847	0.291415	0.41501	-1.67222	-0.988075	-0.0682444	1.63051	1.5717	0.208702	0.422982	-1.63136	-0.780752	-0.00228106	1.7804	1.52616	-0.084692	0.449696	-1.48721	-0.483771	0.0701493	1.94457	1.47562	-0.402618	0.482382	-1.33136	-0.183947	0.14347	2.10908	1.42492	-0.722992	0.514166	-1.17317	0.11609	0.216668	2.27359	1.37455	-1.04306	0.54541	-1.01666	0.416046	0.289791	2.43781	1.32428	-1.36311	0.575881	-0.859272	0.715272	0.362437	2.60092	1.27382	-1.6798	0.60765	-0.703971	1.0146	0.435018	2.76385	1.2241	-1.99623	0.63948	-0.548846	1.2161	0.46943	2.83649	1.20079	-2.14085	0.651741	-0.478787	1.24655	0.468917	2.83672	1.20175	-2.13912	0.652347	-0.478741	1.24703	0.468873	2.83676	1.20176	-2.13919	0.652254	-0.478794
r	KPIECEConfigDefault	2	2	1	9	1.24703	0.468872	2.83676	1.20176	-2.13919	0.652255	-0.478793	1.19809	0.442668	2.84233	1.22919	-2.07686	0.702486	-0.457716	0.985519	0.357712	2.86125	1.31899	-1.87326	0.865481	-0.388709	0.686864	0.263741	2.88148	1.41673	-1.65011	1.04531	-0.31286	0.386967	0.169597	2.90179	1.51425	-1.4286	1.22283	-0.237689	0.16799	0.117835	2.91266	1.56692	-1.30841	1.31948	-0.196981	0.125832	0.116589	2.91275	1.56759	-1.30691	1.32089	-0.196509	0.124443	0.11652	2.91276	1.5676	-1.30693	1.32072	-0.196529	0.124399	0.116519	2.91277	1.5676	-1.30693	1.32071	-0.196529
r	KPIECEConfigDefault	3	0	1	8	-1.69007	-0.39997	1.72007	0.95005	0.230001	1.60991	-1.26008	-1.6561	-0.375406	1.70976	1.00049	0.23485	1.51435	-1.29274	-1.52475	-0.290642	1.6733	1.1757	0.251414	1.1852	-1.40553	-1.32034	-0.190838	1.63178	1.37765	0.271092	0.805008	-1.5372	-1.11683	-0.109221	1.59836	1.54068	0.286545	0.500333	-1.6413	-1.03947	-0.0857812	1.58797	1.58498	0.290865	0.413707	-1.67175	-1.0355	-0.0860979	1.58829	1.58518	0.290994	0.414241	-1.67169	-1.03543	-0.0860958	1.58851	1.58518	0.2911	0.414322	-1.67168
r	KPIECEConfigDefault	3	1	1	14	-1.03543	-0.0860802	1.58843	1.58517	0.291065	0.414291	-1.67168	-1.0027	-0.0886448	1.58968	1.57343	0.356894	0.402907	-1.57165	-0.886715	-0.0966255	1.59373	1.53575	0.567551	0.36681	-1.25137	-0.692916	-0.106836	1.59845	1.48884	0.831218	0.321912	-0.852165	-0.494823	-0.117144	1.60324	1.44189	1.09645	0.276619	-0.451579	-0.296871	-0.127214	1.60807	1.39504	1.35973	0.231794	-0.0516175	-0.0988086	-0.137374	1.61287	1.34818	1.62514	0.186528	0.349756	0.0990987	-0.147552	1.6176	1.3015	1.88909	0.141695	0.748643	0.29695	-0.157212	1.62296	1.25515	2.1534	0.0963236	1.14312	0.49545	-0.167898	1.62692	1.20776	2.41461	0.0519115	1.54769	0.692083	-0.177763	1.63153	1.16272	2.6702	0.00831261	1.9327	0.809728	-0.181575	1.63384	1.14411	2.77605	-0.00963517	2.09092	0.828211	-0.181587	1.63383	1.14411	2.77631	-0.00960635	2.09111	0.828381	-0.181586	1.63381	1.14411	2.77629	-0.00960286	2.09108
r	KPIECEConfigDefault	3	2	1	35	0.828382	-0.181587	1.63382	1.14411	2.77629	-0.0096023	2.09108	0.838759	-0.173665	1.6689	1.17077	2.79212	-0.0167878	1.99393	0.865907	-0.149457	1.77766	1.25307	2.84016	-0.0388213	1.69461	0.911532	-0.116286	1.92368	1.36372	2.90408	-0.0679859	1.29516	0.957473	-0.0829636	2.06994	1.4746	2.96507	-0.0971019	0.89558	1.00244	-0.0518469	2.21308	1.58137	3.02619	-0.127818	0.512751	1.02202	-0.0399703	2.24942	1.61621	3.03905	-0.130224	0.373352	0.964323	-0.0608402	2.05847	1.53494	2.92967	-0.0612108	0.543883	0.83834	-0.0891491	1.77186	1.41462	2.76732	0.0458526	0.785948	0.687646	-0.121022	1.45706	1.28282	2.58639	0.16338	1.0523	0.543593	-0.151551	1.15744	1.1571	2.41478	0.274548	1.30623	0.399633	-0.182204	0.857547	1.03108	2.24278	0.385203	1.56095	0.26349	-0.2069	0.624676	0.931983	2.11328	0.470627	1.76437	0.178122	-0.214614	0.428313	0.886885	1.96252	0.561264	1.72759	0.0059458	-0.224582	0.127733	0.823229	1.73691	0.700619	1.64182	-0.175488	-0.234247	-0.170853	0.76063	1.50867	0.839126	1.55192	-0.359995	-0.247124	-0.466755	0.701217	1.22507	0.971862	1.46213	-0.56735	-0.262331	-0.766782	0.643139	0.890866	1.10134	1.37202	-0.750376	-0.276321	-0.967339	0.606396	0.603335	1.18173	1.31247	-0.895307	-0.295807	-1.08108	0.596756	0.207544	1.20785	1.27627	-1.02551	-0.310979	-1.13129	0.597465	-0.0770189	1.20897	1.26013	-1.05794	-0.329473	-0.969076	0.651226	-0.41239	1.09234	1.30676	-1.09127	-0.351285	-0.788179	0.712287	-0.789278	0.961719	1.35858	-1.05741	-0.36886	-0.494245	0.796358	-1.08141	0.778302	1.44456	-1.01803	-0.387351	-0.194441	0.882921	-1.38642	0.589318	1.53153	-0.973664	-0.403569	0.105154	0.967615	-1.64828	0.406745	1.61879	-0.914658	-0.41781	0.406052	1.05028	-1.87297	0.226353	1.7071	-0.854485	-0.432236	0.706084	1.1335	-2.10153	0.045633	1.79284	-0.794297	-0.446582	1.00613	1.21625	-2.324	-0.135767	1.88245	-0.728938	-0.459525	1.30546	1.29781	-2.52481	-0.313809	1.96982	-0.663705	-0.471433	1.60189	1.37918	-2.72244	-0.491477	2.05686	-0.596581	-0.485522	1.90547	1.46189	-2.92657	-0.671141	2.14492	-0.547242	-0.493359	2.08406	1.50984	-3.04473	-0.776016	2.1967	-0.538356	-0.494499	2.1034	1.5157	-3.05829	-0.78902	2.20188	-0.538095	-0.494251	2.10266	1.51549	-3.05891	-0.788515	2.20168
r	KPIECEConfigDefault	4	0	1	8	-1.69006	-0.400007	1.71998	0.949973	0.22994	1.60999	-1.26004	-1.65583	-0.375378	1.70934	1.00118	0.23506	1.51365	-1.29343	-1.52377	-0.290556	1.67258	1.17704	0.251762	1.1833	-1.40739	-1.30784	-0.186272	1.62844	1.38764	0.272228	0.787289	-1.54477	-1.10917	-0.107953	1.5957	1.5446	0.286898	0.492299	-1.64583	-1.03866	-0.0875104	1.58909	1.58538	0.291849	0.414711	-1.67184	-1.03521	-0.0873377	1.58775	1.58522	0.291226	0.414258	-1.67193	-1.03517	-0.0874588	1.58817	1.58525	0.291403	0.414443	-1.67192
r	KPIECEConfigDefault	4	1	0	0
r	KPIECEConfigDefault	4	2	1	7	-1.03516	-0.0874309	1.58811	1.58525	0.291383	0.414423	-1.67192	-1.00728	-0.158258	1.62178	1.56953	0.323077	0.469351	-1.6235	-0.893898	-0.426396	1.74743	1.5111	0.4425	0.673829	-1.44229	-0.727537	-0.697936	1.8697	1.45629	0.556834	0.875132	-1.26785	-0.663389	-0.759816	1.89603	1.44298	0.580709	0.919637	-1.22831	-0.660757	-0.759462	1.89633	1.44246	0.581338	0.919141	-1.22836	-0.660658	-0.759417	1.89631	1.44242	0.581372	0.919105	-1.22836
r	LBKPIECEConfigDefault	0	0	1	8	-1.69001	-0.400031	1.72008	0.950085	0.230063	1.61008	-1.26009	-1.65595	-0.375631	1.70976	1.0008	0.235114	1.51443	-1.29281	-1.52478	-0.290925	1.67313	1.17654	0.251044	1.18448	-1.40635	-1.30954	-0.186981	1.62939	1.3888	0.272582	0.784332	-1.54475	-1.10394	-0.106212	1.59492	1.54844	0.287098	0.483284	-1.6476	-1.03887	-0.0875047	1.58905	1.58657	0.291731	0.41217	-1.67232	-1.03533	-0.0874308	1.58817	1.5865	0.291375	0.412008	-1.67232	-1.03527	-0.0875296	1.58832	1.58651	0.291422	0.412063	-1.67233
r	LBKPIECEConfigDefault	0	1	1	24	-1.03527	-0.0875217	1.58835	1.58651	0.291437	0.412073	-1.67233	-1.0242	-0.119427	1.60736	1.60317	0.247898	0.41932	-1.60203	-0.984265	-0.192028	1.65249	1.63821	0.154677	0.432447	-1.44022	-0.900789	-0.213847	1.67237	1.65219	0.0490482	0.400906	-1.18771	-0.708989	-0.241402	1.70765	1.67065	-0.114428	0.345239	-0.77181	-0.502851	-0.244664	1.74777	1.67447	-0.228752	0.279597	-0.376019	-0.290471	-0.228269	1.79627	1.66624	-0.31057	0.202219	0.0272848	-0.0678739	-0.199608	1.84778	1.65092	-0.367492	0.118411	0.42582	0.156715	-0.160997	1.9035	1.62938	-0.407807	0.0296071	0.826294	0.384794	-0.117864	1.96032	1.60491	-0.440094	-0.0621199	1.2272	0.583498	-0.0714755	2.01529	1.57691	-0.418383	-0.134621	1.51432	0.742	0.0488187	2.16958	1.4903	-0.160102	-0.256154	1.83055	0.914304	0.141265	2.28897	1.41823	0.0561183	-0.342707	2.0545	0.942645	0.221099	2.31363	1.50456	-0.0217416	-0.36159	2.21559	0.89197	0.423667	2.34571	1.75804	-0.285659	-0.382372	2.5872	0.835625	0.580723	2.36767	1.95187	-0.502383	-0.396585	2.87933	0.839179	0.58302	2.38422	1.92502	-0.447117	-0.406574	2.87904	0.916048	0.467274	2.42272	1.69005	-0.113735	-0.429877	2.67151	1.03127	0.331635	2.46656	1.4203	0.266102	-0.457376	2.43569	1.11298	0.296868	2.51792	1.29913	0.478598	-0.479751	2.37966	1.17807	0.404067	2.68567	1.22596	0.792928	-0.559525	2.55139	1.24283	0.464601	2.79242	1.17919	0.997285	-0.604558	2.64582	1.25149	0.470276	2.80362	1.17421	1.01744	-0.609171	2.65454	1.25155	0.470217	2.80364	1.17429	1.01742	-0.609046	2.65449
r	LBKPIECEConfigDefault	0	2	1	8	1.25155	0.470217	2.80364	1.1743	1.01746	-0.609053	2.65452	1.20112	0.443177	2.82127	1.20926	1.07641	-0.676603	2.68252	0.97715	0.350713	2.88174	1.32804	1.27081	-0.903697	2.77365	0.678113	0.253115	2.94463	1.45169	1.47459	-1.14016	2.86965	0.385796	0.168364	2.9987	1.55861	1.65262	-1.34899	2.95338	0.261209	0.145382	3.01211	1.586	1.69654	-1.39971	2.97386	0.253197	0.145301	3.01261	1.58617	1.69713	-1.39902	2.97395	0.252935	0.145298	3.01261	1.58618	1.69714	-1.39902	2.97395
r	LBKPIECEConfigDefault	1	0	1	8	-1.69007	-0.400097	1.72003	0.949938	0.229923	1.61007	-1.25995	-1.65716	-0.375974	1.70992	0.999871	0.234957	1.51614	-1.2928	-1.53829	-0.297663	1.67619	1.16122	0.249822	1.21336	-1.39706	-1.32421	-0.192327	1.63241	1.37325	0.270074	0.81463	-1.53486	-1.11284	-0.106811	1.59748	1.5443	0.286164	0.493994	-1.64503	-1.03953	-0.0850292	1.58939	1.58593	0.290492	0.41365	-1.67267	-1.03597	-0.0851988	1.58905	1.58609	0.2904	0.413738	-1.67257	-1.03589	-0.0851464	1.58912	1.58608	0.290444	0.413742	-1.67256
r	LBKPIECEConfigDefault	1	1	1	11	-1.03588	-0.08514	1.58905	1.58608	0.290412	0.413716	-1.67256	-0.982464	-0.0857043	1.59797	1.56328	0.21841	0.399048	-1.60846	-0.770067	-0.0875913	1.62494	1.49316	0.000250622	0.353823	-1.41561	-0.47243	-0.0896874	1.65452	1.41749	-0.238704	0.304252	-1.20291	-0.172512	-0.0916726	1.68404	1.34161	-0.478167	0.254174	-0.990307	0.127337	-0.0937566	1.71369	1.26562	-0.71782	0.205859	-0.77676	0.427425	-0.0958005	1.74304	1.18941	-0.955171	0.155339	-0.567268	0.712603	-0.0976429	1.76694	1.12845	-1.14714	0.115384	-0.396836	0.83111	-0.0980369	1.77313	1.11153	-1.19906	0.104476	-0.351326	0.836633	-0.0979881	1.77322	1.1114	-1.19899	0.104402	-0.351253	0.836677	-0.0979957	1.77323	1.1114	-1.19899	0.104381	-0.351253
r	LBKPIECEConfigDefault	1	2	1	19	0.836677	-0.0979973	1.77324	1.1114	-1.19899	0.104378	-0.351253	0.808809	-0.146446	1.69442	1.11318	-1.22891	0.0947468	-0.409926	0.693719	-0.320407	1.41207	1.1187	-1.33727	0.0631554	-0.619665	0.530238	-0.511536	1.11123	1.12769	-1.43931	0.0224747	-0.83117	0.352509	-0.700903	0.817719	1.13849	-1.52039	-0.0230479	-1.02162	0.160182	-0.871821	0.57513	1.1611	-1.49997	-0.0950507	-1.10729	0.0424424	-0.939694	0.501478	1.18715	-1.36785	-0.163979	-1.02986	-0.0923646	-0.969468	0.509462	1.22338	-1.12137	-0.25498	-0.823333	-0.142547	-0.910485	0.671109	1.26771	-0.745524	-0.355382	-0.446022	-0.182491	-0.824056	0.874967	1.30923	-0.364354	-0.447423	-0.0459837	-0.19674	-0.725637	1.0937	1.34818	0.0106131	-0.531407	0.354953	-0.202102	-0.620731	1.32146	1.38571	0.382547	-0.611451	0.757106	-0.198909	-0.509688	1.55715	1.42223	0.742882	-0.688741	1.1543	-0.196108	-0.398629	1.79109	1.45864	1.10558	-0.763889	1.55173	-0.187846	-0.282576	2.03426	1.49386	1.47173	-0.839526	1.95704	-0.178231	-0.166414	2.27741	1.52978	1.83103	-0.912539	2.35653	-0.171522	-0.0656024	2.48163	1.55805	2.13512	-0.975695	2.69409	-0.169035	-0.0358558	2.54406	1.56848	2.22928	-0.993655	2.79526	-0.16858	-0.0357095	2.54335	1.56816	2.22961	-0.993911	2.79574
r	LBKPIECEConfigDefault	2	0	1	8	-1.69	-0.400033	1.72006	0.949913	0.229918	1.6101	-1.26004	-1.655	-0.375018	1.70919	1.00154	0.234896	1.51277	-1.2933	-1.52159	-0.289218	1.67201	1.17881	0.251623	1.1793	-1.40821	-1.30595	-0.18474	1.62824	1.39069	0.273204	0.780331	-1.54644	-1.10783	-0.106868	1.5951	1.5446	0.287209	0.490464	-1.64555	-1.03845	-0.086911	1.58899	1.5848	0.292142	0.41478	-1.67145	-1.03521	-0.0866728	1.58775	1.58464	0.291583	0.414237	-1.67153	-1.03516	-0.0867774	1.58806	1.58467	0.291708	0.414373	-1.67152
r	LBKPIECEConfigDefault	2	1	1	13	-1.03516	-0.0867581	1.58803	1.58466	0.2917	0.414363	-1.67152	-0.987187	-0.0673442	1.63422	1.57179	0.206943	0.423792	-1.63185	-0.776551	-0.000849257	1.79297	1.52672	-0.0861418	0.456946	-1.49429	-0.479666	0.0721726	1.96628	1.47876	-0.402019	0.49165	-1.34853	-0.179821	0.14588	2.13917	1.42961	-0.719312	0.527572	-1.20107	0.119968	0.219221	2.31246	1.38119	-1.03754	0.565426	-1.05242	0.419833	0.292674	2.48582	1.33227	-1.35442	0.601338	-0.906391	0.719388	0.365946	2.65791	1.28354	-1.66948	0.635496	-0.760113	1.01941	0.439386	2.8314	1.23498	-1.98874	0.6725	-0.611994	1.252	0.482159	2.92917	1.20756	-2.16829	0.692727	-0.52836	1.30313	0.485547	2.93656	1.20543	-2.18142	0.6941	-0.521846	1.30417	0.485609	2.93656	1.20536	-2.18163	0.694114	-0.521944	1.30418	0.485612	2.93656	1.20536	-2.18162	0.694118	-0.521939
r	LBKPIECEConfigDefault	2	2	1	8	1.30418	0.485612	2.93656	1.20536	-2.18162	0.694118	-0.521939	1.25307	0.458416	2.94608	1.23571	-2.12119	0.755144	-0.493162	1.03274	0.368158	2.97785	1.33651	-1.9213	0.956504	-0.398115	0.734227	0.271431	3.01147	1.44248	-1.71143	1.16781	-0.298203	0.434823	0.175314	3.04447	1.54788	-1.50128	1.37927	-0.199989	0.267251	0.145674	3.05415	1.57916	-1.43902	1.44236	-0.16947	0.250657	0.145305	3.05418	1.57884	-1.44018	1.44132	-0.169842	0.250116	0.1453	3.05418	1.57886	-1.44014	1.44132	-0.169845
r	LBKPIECEConfigDefault	3	0	1	8	-1.68991	-0.400076	1.72004	0.949974	0.229963	1.61001	-1.26003	-1.65547	-0.37523	1.70949	1.00098	0.235037	1.51358	-1.29319	-1.51291	-0.284285	1.67084	1.18812	0.252557	1.16171	-1.41474	-1.30736	-0.184631	1.6292	1.38943	0.272877	0.783501	-1.54617	-1.10872	-0.105934	1.59583	1.5447	0.286284	0.491067	-1.6462	-1.03866	-0.0857109	1.58953	1.58492	0.29131	0.415541	-1.67236	-1.03536	-0.0855035	1.58825	1.58481	0.290742	0.414982	-1.67242	-1.03531	-0.0856163	1.58861	1.58484	0.290893	0.415139	-1.67241
r	LBKPIECEConfigDefault	3	1	1	22	-1.03531	-0.085593	1.58857	1.58483	0.290879	0.415124	-1.67241	-1.01842	-0.093697	1.60277	1.59457	0.216785	0.405114	-1.64846	-0.956181	-0.119673	1.61556	1.61159	0.0419118	0.371446	-1.58604	-0.763606	-0.206149	1.52308	1.59814	-0.206182	0.259748	-1.43336	-0.467887	-0.307266	1.40581	1.57744	-0.47435	0.130383	-1.25907	-0.169565	-0.404922	1.29204	1.55657	-0.724867	0.00832129	-1.09412	0.102732	-0.500081	1.13372	1.51309	-0.867166	-0.113424	-0.950311	0.4016	-0.601693	0.954535	1.46154	-0.99163	-0.242594	-0.801783	0.687234	-0.691227	0.785083	1.40985	-1.06928	-0.356892	-0.678181	0.909431	-0.767498	0.574264	1.33288	-0.985348	-0.452922	-0.598638	1.07559	-0.787686	0.451675	1.26237	-0.79451	-0.513488	-0.500226	1.15779	-0.715779	0.552925	1.22811	-0.597852	-0.542722	-0.254094	1.19959	-0.567916	0.819161	1.21155	-0.359711	-0.555894	0.136328	1.22024	-0.413563	1.10147	1.19772	-0.121659	-0.568737	0.537037	1.23689	-0.256831	1.38775	1.18542	0.108366	-0.577557	0.935888	1.244	-0.101869	1.68013	1.17842	0.328558	-0.584862	1.32422	1.23894	0.0540454	1.97921	1.17731	0.525541	-0.586643	1.70016	1.23346	0.211339	2.28241	1.17671	0.723688	-0.585686	2.07777	1.22744	0.335466	2.51666	1.175	0.879388	-0.589212	2.37304	1.22594	0.443153	2.72536	1.17491	1.01746	-0.588406	2.63441	1.22426	0.461888	2.75633	1.17521	1.03767	-0.587957	2.67298	1.22473	0.461958	2.75632	1.17523	1.03841	-0.588213	2.6735
r	LBKPIECEConfigDefault	3	2	1	8	1.22473	0.461969	2.75633	1.17523	1.03853	-0.588259	2.67359	1.17714	0.436097	2.77713	1.20914	1.09374	-0.65521	2.69833	0.958224	0.34505	2.85014	1.32816	1.28574	-0.887595	2.78416	0.659328	0.248124	2.92759	1.45361	1.49126	-1.137	2.87649	0.369792	0.165371	2.99093	1.55937	1.66287	-1.34669	2.95363	0.255177	0.14478	3.00685	1.58411	1.7034	-1.39362	2.97194	0.248205	0.144575	3.00687	1.58443	1.70386	-1.39402	2.97196	0.247983	0.144571	3.00686	1.58443	1.70387	-1.39403	2.97196
r	LBKPIECEConfigDefault	4	0	1	8	-1.69006	-0.400071	1.72003	0.949958	0.229902	1.61001	-1.25999	-1.65696	-0.375509	1.70991	1.00034	0.233616	1.51489	-1.29232	-1.52658	-0.290093	1.67486	1.17394	0.246789	1.18907	-1.40193	-1.31223	-0.183936	1.6327	1.38637	0.263754	0.789372	-1.5372	-1.11262	-0.103014	1.60111	1.54607	0.275993	0.490143	-1.63865	-1.0397	-0.0809456	1.59304	1.58758	0.279438	0.410299	-1.66577	-1.03608	-0.0810151	1.59241	1.58769	0.279214	0.410202	-1.6657	-1.03604	-0.0810892	1.59279	1.58772	0.279383	0.410367	-1.66569
r	LBKPIECEConfigDefault	4	1	1	13	-1.03603	-0.0810633	1.59271	1.58771	0.279351	0.410338	-1.66569	-1.00459	-0.0842884	1.59324	1.57629	0.193543	0.399348	-1.58	-0.87513	-0.0958189	1.59581	1.5334	-0.128915	0.359231	-1.25847	-0.656625	-0.110299	1.59918	1.48034	-0.529665	0.309019	-0.85818	-0.433458	-0.124632	1.60243	1.42734	-0.927633	0.259431	-0.460936	-0.210206	-0.139092	1.60558	1.37362	-1.32724	0.208949	-0.0643707	0.0132978	-0.153465	1.60892	1.32098	-1.72731	0.158971	0.337217	0.236254	-0.167712	1.61256	1.26938	-2.13396	0.110588	0.743426	0.459963	-0.182205	1.61564	1.21533	-2.52821	0.059654	1.13698	0.68148	-0.195886	1.61868	1.16494	-2.90824	0.0116697	1.51613	0.810767	-0.201295	1.62009	1.14545	-3.05867	-0.00661645	1.66751	0.827571	-0.20125	1.6198	1.14534	-3.059	-0.00673678	1.66719	0.827748	-0.201238	1.61979	1.14533	-3.059	-0.00672442	1.66719
r	LBKPIECEConfigDefault	4	2	1	10	0.827749	-0.201239	1.61979	1.14533	-3.059	-0.00672443	1.66719	0.789491	-0.265131	1.58472	1.16316	-2.98477	-0.0771001	1.66408	0.596986	-0.542514	1.43661	1.23898	-2.6647	-0.377179	1.64802	0.323479	-0.84283	1.27895	1.31949	-2.32682	-0.696826	1.63386	0.0482045	-1.14286	1.12199	1.40006	-1.9893	-1.015	1.61868	-0.227205	-1.44132	0.967254	1.47905	-1.65582	-1.33151	1.60323	-0.397955	-1.56481	0.906011	1.50996	-1.52301	-1.45625	1.59643	-0.419551	-1.56422	0.905722	1.51082	-1.52279	-1.45615	1.5976	-0.420599	-1.56422	0.905765	1.51095	-1.52306	-1.4562	1.59763	-0.420649	-1.56422	0.905772	1.51098	-1.52312	-1.45621	1.59764
r	RRTConnectConfigDefault	0	0	1	8	-1.69003	-0.400022	1.7201	0.949943	0.230055	1.61007	-1.2601	-1.65592	-0.375446	1.70959	1.00073	0.234818	1.51408	-1.29296	-1.52423	-0.290745	1.67264	1.1771	0.252102	1.18281	-1.40771	-1.30817	-0.186549	1.62888	1.38861	0.272674	0.784411	-1.54416	-1.10902	-0.108375	1.59511	1.54379	0.286992	0.492989	-1.64527	-1.03838	-0.0880417	1.58866	1.58452	0.292269	0.415728	-1.67192	-1.03505	-0.0878656	1.5875	1.5845	0.291747	0.415341	-1.67196	-1.035	-0.0879686	1.58784	1.58452	0.291891	0.415494	-1.67195
r	RRTConnectConfigDefault	0	1	1	13	-1.035	-0.0879464	1.5878	1.58452	0.291876	0.415478	-1.67195	-0.985485	-0.068458	1.63587	1.57176	0.207831	0.425759	-1.63432	-0.784416	-0.00402036	1.79378	1.52944	-0.0770207	0.459176	-1.50132	-0.487414	0.0692905	1.9728	1.482	-0.388961	0.497887	-1.36605	-0.187746	0.143142	2.15077	1.43482	-0.704302	0.536072	-1.2251	0.126916	0.220244	2.33778	1.38473	-1.03552	0.576006	-1.07713	0.411815	0.290294	2.50722	1.34023	-1.33729	0.612549	-0.93932	0.71171	0.363886	2.68538	1.29279	-1.65272	0.6509	-0.798312	1.01154	0.437428	2.86372	1.24526	-1.96782	0.688937	-0.657234	1.26708	0.487105	2.98051	1.21402	-2.17732	0.714022	-0.563305	1.33801	0.494674	2.99816	1.20951	-2.20727	0.718664	-0.548767	1.33997	0.494562	2.99827	1.20954	-2.20749	0.718445	-0.5489	1.33999	0.49456	2.99827	1.20954	-2.20749	0.718449	-0.548899
r	RRTConnectConfigDefault	0	2	1	8	1.33999	0.49456	2.99827	1.20954	-2.20749	0.718449	-0.548898	1.28945	0.467673	3.00256	1.23839	-2.14747	0.775033	-0.519139	1.07207	0.379066	3.01696	1.33385	-1.94927	0.960385	-0.421193	0.773301	0.283083	3.03251	1.43523	-1.73856	1.16002	-0.317347	0.47349	0.186543	3.04816	1.53683	-1.5285	1.35727	-0.212539	0.277957	0.14461	3.05418	1.57859	-1.44081	1.4396	-0.169797	0.251051	0.145297	3.05416	1.57897	-1.44001	1.44155	-0.169864	0.250198	0.145282	3.05418	1.57892	-1.44016	1.44118	-0.169898
r	RRTConnectConfigDefault	1	0	1	8	-1.6901	-0.399932	1.71996	0.950034	0.230031	1.60998	-1.25999	-1.65537	-0.375029	1.7094	1.00143	0.235009	1.51336	-1.29359	-1.5231	-0.289483	1.67298	1.17726	0.251635	1.18282	-1.40739	-1.308	-0.184406	1.62938	1.39018	0.272012	0.783593	-1.54593	-1.10982	-0.105576	1.59622	1.54613	0.28625	0.491338	-1.64757	-1.03951	-0.0851721	1.58998	1.58709	0.29151	0.413446	-1.67413	-1.03616	-0.0849641	1.5887	1.58697	0.290966	0.413007	-1.67417	-1.03611	-0.0850768	1.58906	1.587	0.291115	0.413167	-1.67416
r	RRTConnectConfigDefault	1	1	1	11	-1.03611	-0.0850536	1.58902	1.58699	0.291102	0.413152	-1.67416	-0.974262	-0.0889769	1.59469	1.55983	0.236429	0.394093	-1.62387	-0.762396	-0.0992085	1.60918	1.48948	0.0964779	0.344513	-1.49582	-0.465132	-0.110543	1.62561	1.41116	-0.0627066	0.28966	-1.34923	-0.16554	-0.121906	1.6417	1.33331	-0.216449	0.233294	-1.20887	0.134525	-0.133345	1.65823	1.25481	-0.376923	0.178529	-1.06076	0.434694	-0.144679	1.67458	1.17613	-0.535176	0.123469	-0.915362	0.709227	-0.153378	1.68704	1.11673	-0.655371	0.0823118	-0.804944	0.824615	-0.155758	1.69052	1.0994	-0.690365	0.0700634	-0.772813	0.829727	-0.15585	1.69072	1.09928	-0.690357	0.0698447	-0.772824	0.829768	-0.155853	1.69071	1.09927	-0.690359	0.0698484	-0.772825
r	RRTConnectConfigDefault	1	2	1	40	0.829768	-0.155852	1.69071	1.09927	-0.69036	0.0698506	-0.772825	0.846799	-0.159098	1.68763	1.08157	-0.711477	0.0303821	-0.703234	0.893332	-0.168398	1.68199	1.04541	-0.753441	-0.0522858	-0.554792	0.920372	-0.196614	1.66482	1.00314	-0.762008	-0.161282	-0.383999	0.955476	-0.279763	1.61616	0.908696	-0.746017	-0.423544	-0.00295011	0.948027	-0.385595	1.55393	0.829985	-0.657238	-0.672079	0.311928	0.868512	-0.548696	1.46405	0.741063	-0.476598	-0.981707	0.667141	0.80588	-0.626603	1.42069	0.708704	-0.376444	-1.10921	0.7957	0.750397	-0.661325	1.39941	0.727693	-0.280847	-1.10032	0.722539	0.660464	-0.711331	1.38037	0.76963	-0.241681	-1.11217	0.614135	0.628652	-0.890286	1.35226	0.930142	-0.437584	-1.29395	0.357098	0.60291	-0.987216	1.33538	1.01231	-0.528807	-1.38441	0.226122	0.492999	-0.942028	1.2214	1.01287	-0.301172	-1.29134	0.299416	0.234067	-0.866853	1.01512	1.0217	0.0962352	-1.13152	0.421037	-0.0584634	-0.790865	0.809226	1.02983	0.495518	-0.971293	0.543761	-0.351682	-0.715397	0.603177	1.03796	0.895312	-0.812421	0.665999	-0.623907	-0.656519	0.440302	1.0456	1.20924	-0.688278	0.762601	-0.707503	-0.644267	0.440401	1.03545	1.22367	-0.671466	0.77156	-0.536548	-0.660292	0.600173	0.991368	0.971521	-0.733701	0.711268	-0.245365	-0.67982	0.806332	0.9328	0.647903	-0.811689	0.635328	0.0544572	-0.698183	1.01139	0.874065	0.322239	-0.889722	0.560354	0.336225	-0.715283	1.19432	0.821775	0.0430402	-0.958533	0.49578	0.499038	-0.724282	1.21458	0.81645	-0.0547731	-0.95197	0.431959	0.40157	-0.728371	0.965948	0.891995	0.032456	-0.786481	0.259086	0.310397	-0.700133	0.702277	0.95368	0.0138023	-0.620436	0.157743	0.251358	-0.663388	0.404612	1.01924	-0.0232969	-0.436282	0.0544996	0.189278	-0.62466	0.106021	1.08661	-0.0616541	-0.248937	-0.0474554	0.128981	-0.585481	-0.201554	1.15524	-0.102369	-0.0566058	-0.152754	0.0711085	-0.544021	-0.511801	1.22296	-0.149425	0.135608	-0.250713	0.0546926	-0.488752	-0.795242	1.27472	-0.245716	0.305403	-0.29549	0.0644912	-0.419153	-1.09718	1.32441	-0.380739	0.483296	-0.317424	0.076335	-0.349904	-1.39661	1.3735	-0.513338	0.659388	-0.33924	0.0975235	-0.27644	-1.69761	1.42055	-0.658663	0.834006	-0.35003	0.120479	-0.202304	-1.99605	1.46786	-0.802336	1.00637	-0.361023	0.156901	-0.121984	-2.29739	1.50945	-0.976441	1.18257	-0.349474	0.225902	-0.0183886	-2.60994	1.54334	-1.20981	1.35431	-0.292602	0.320911	0.0914337	-2.9118	1.56974	-1.46746	1.51867	-0.207623	0.400795	0.147989	-3.05428	1.58124	-1.59585	1.59659	-0.161862	0.407988	0.148114	-3.05414	1.58125	-1.59539	1.59475	-0.161799	0.408064	0.14812	-3.05418	1.5813	-1.59526	1.595	-0.16178
r	RRTConnectConfigDefault	2	0	1	8	-1.69005	-0.399981	1.71997	0.950077	0.229946	1.61006	-1.26006	-1.65569	-0.375631	1.70918	1.00037	0.235031	1.51502	-1.29269	-1.52371	-0.290554	1.67266	1.17554	0.251611	1.186	-1.40674	-1.30869	-0.185773	1.62922	1.39021	0.272633	0.781461	-1.54487	-1.10952	-0.10763	1.59634	1.54492	0.28663	0.491624	-1.64591	-1.0388	-0.0869389	1.58933	1.58587	0.291408	0.413833	-1.67211	-1.0354	-0.0868131	1.58818	1.58578	0.290897	0.413473	-1.67215	-1.03535	-0.0869209	1.58857	1.5858	0.291066	0.413646	-1.67214
r	RRTConnectConfigDefault	2	1	1	13	-1.03535	-0.0868949	1.58851	1.5858	0.291044	0.413625	-1.67214	-0.986276	-0.0674768	1.63676	1.57295	0.206902	0.424192	-1.63432	-0.772463	-0.00040905	1.80289	1.52837	-0.0853599	0.460233	-1.50527	-0.47527	0.0724657	1.98233	1.48076	-0.401852	0.499232	-1.36305	-0.175404	0.145818	2.16139	1.433	-0.718396	0.538207	-1.22053	0.124327	0.218794	2.34003	1.38473	-1.03091	0.577249	-1.08282	0.423732	0.291815	2.51831	1.33711	-1.34505	0.615751	-0.94233	0.723619	0.365027	2.69762	1.28928	-1.66097	0.655468	-0.801189	1.0235	0.438093	2.87706	1.24153	-1.97607	0.695486	-0.659914	1.27639	0.48672	2.99236	1.21086	-2.18144	0.719423	-0.568223	1.34412	0.493555	3.00836	1.20649	-2.20932	0.723412	-0.555685	1.34591	0.493475	3.00846	1.20649	-2.20943	0.723297	-0.555732	1.34593	0.493475	3.00846	1.20648	-2.20944	0.7233	-0.555736
r	RRTConnectConfigDefault	2	2	1	8	1.34593	0.493475	3.00846	1.20648	-2.20944	0.723301	-0.555735	1.2961	0.467025	3.01185	1.23522	-2.14932	0.780123	-0.525606	1.07994	0.379458	3.02381	1.32981	-1.9534	0.961238	-0.428094	0.781165	0.284259	3.0362	1.43129	-1.74256	1.15847	-0.322648	0.481541	0.188893	3.04915	1.53297	-1.53196	1.35463	-0.217266	0.28018	0.144125	3.05418	1.57794	-1.43823	1.43979	-0.170644	0.251049	0.145122	3.05417	1.5775	-1.43899	1.44176	-0.170915	0.250117	0.145111	3.05417	1.57746	-1.43908	1.44144	-0.17093
r	RRTConnectConfigDefault	3	0	1	17	-1.68993	-0.400006	1.7199	0.950018	0.229944	1.61004	-1.26003	-1.65605	-0.378963	1.62709	0.967416	0.166993	1.61486	-1.25253	-1.53602	-0.315642	1.35423	1.01805	-0.020371	1.62812	-1.23043	-1.36879	-0.245795	1.05494	1.07408	-0.224444	1.64302	-1.20478	-1.20014	-0.174959	0.754627	1.13002	-0.429851	1.65826	-1.17932	-1.03182	-0.105038	0.455163	1.18589	-0.63471	1.67224	-1.15455	-0.863797	-0.0343781	0.15422	1.24188	-0.839447	1.68923	-1.12851	-0.696106	0.0357148	-0.144392	1.2976	-1.04464	1.70379	-1.1047	-0.527893	0.105834	-0.444789	1.35355	-1.24918	1.71863	-1.07936	-0.359683	0.176214	-0.744861	1.4091	-1.45505	1.73441	-1.05375	-0.19072	0.246393	-1.04509	1.46544	-1.65948	1.74789	-1.0298	-0.0302409	0.313522	-1.33031	1.51896	-1.85556	1.76205	-1.00626	0.138801	0.383667	-1.63028	1.5746	-2.05977	1.77757	-0.980458	0.307979	0.453705	-1.92998	1.63032	-2.26469	1.79353	-0.956589	0.431965	0.492915	-2.09278	1.66048	-2.37562	1.80094	-0.942215	0.454694	0.494378	-2.09695	1.66147	-2.37892	1.80097	-0.941934	0.455109	0.494358	-2.097	1.66142	-2.379	1.80082	-0.941957
r	RRTConnectConfigDefault	3	1	1	17	0.455118	0.494358	-2.097	1.66142	-2.379	1.80082	-0.941957	0.46723	0.444657	-2.03495	1.65044	-2.30053	1.77714	-0.974757	0.505667	0.223875	-1.77633	1.60221	-1.97503	1.68805	-1.14609	0.563838	-0.0320247	-1.47479	1.54706	-1.59966	1.57167	-1.31669	0.623014	-0.278418	-1.17459	1.49206	-1.24407	1.45275	-1.47033	0.682801	-0.506656	-0.875502	1.43718	-0.927952	1.31532	-1.57177	0.742929	-0.705534	-0.601497	1.38723	-0.660968	1.17954	-1.6348	0.797819	-0.864746	-0.318503	1.33569	-0.469024	0.997018	-1.58243	0.836314	-0.94094	-0.118055	1.30144	-0.408406	0.835142	-1.44446	0.892901	-0.992842	0.128578	1.25872	-0.420938	0.595668	-1.15866	0.926881	-0.972318	0.325132	1.2247	-0.549498	0.346937	-0.76822	0.959702	-0.917935	0.47127	1.20076	-0.725886	0.125847	-0.368387	0.986368	-0.854959	0.605528	1.17877	-0.907609	-0.0893148	0.026464	1.00749	-0.780217	0.720317	1.15995	-1.1096	-0.292236	0.42613	1.01969	-0.740532	0.779189	1.15055	-1.21254	-0.396751	0.630826	1.02156	-0.733725	0.78929	1.14883	-1.2302	-0.414422	0.665902	1.02128	-0.733725	0.789304	1.14883	-1.23023	-0.414455	0.665876
r	RRTConnectConfigDefault	3	2	1	11	1.02127	-0.733725	0.789304	1.14883	-1.23023	-0.414456	0.665877	0.987137	-0.703404	0.869229	1.16603	-1.21524	-0.349637	0.620031	0.851472	-0.60058	1.13856	1.22394	-1.16458	-0.129988	0.464605	0.651814	-0.484079	1.43844	1.28824	-1.10851	0.114572	0.292634	0.449951	-0.367144	1.73946	1.35315	-1.05253	0.359923	0.1201	0.238261	-0.245128	2.05412	1.42063	-0.994435	0.616274	-0.0601461	0.0367156	-0.128584	2.35408	1.48502	-0.937766	0.860687	-0.23287	-0.132683	-0.0508969	2.54953	1.52638	-0.901148	1.01845	-0.344325	-0.172725	-0.0416325	2.57143	1.53164	-0.89703	1.03838	-0.357566	-0.173924	-0.041763	2.57129	1.53158	-0.89728	1.03835	-0.357625	-0.173963	-0.0417618	2.57133	1.5316	-0.897229	1.03832	-0.357619
r	RRTConnectConfigDefault	4	0	1	14	-1.69001	-0.399939	1.71998	0.950054	0.230062	1.60999	-1.25993	-1.66772	-0.371973	1.74684	0.966841	0.257064	1.54861	-1.17488	-1.58339	-0.262661	1.85087	1.0332	0.361778	1.30836	-0.840427	-1.44753	-0.129517	1.97634	1.1138	0.485718	1.01989	-0.440245	-1.30868	0.00385808	2.10064	1.19256	0.612662	0.734881	-0.0417281	-1.16975	0.137151	2.2256	1.27081	0.738386	0.448528	0.359784	-1.03115	0.270655	2.35072	1.35003	0.865145	0.161288	0.757303	-0.892199	0.404147	2.47598	1.42942	0.988985	-0.125986	1.15784	-0.752796	0.537703	2.6021	1.50908	1.11436	-0.41718	1.55519	-0.614115	0.671177	2.7259	1.58845	1.23846	-0.70239	1.95681	-0.476048	0.80231	2.84654	1.66485	1.36167	-0.979864	2.34877	-0.388161	0.859365	2.89983	1.69869	1.41611	-1.10106	2.51703	-0.376071	0.861874	2.90151	1.69965	1.41672	-1.10505	2.52218	-0.37576	0.861873	2.90151	1.69964	1.41671	-1.10507	2.52219
r	RRTConnectConfigDefault	4	1	1	10	-0.375751	0.861873	2.90151	1.69964	1.41671	-1.10507	2.52219	-0.315641	0.832992	2.88249	1.66399	1.39569	-1.06659	2.53604	-0.108163	0.758227	2.83336	1.57175	1.34163	-0.96677	2.57205	0.188246	0.671555	2.77713	1.46681	1.28061	-0.853294	2.61347	0.488404	0.585012	2.72126	1.36165	1.21872	-0.739586	2.6543	0.788434	0.498387	2.66488	1.25704	1.15773	-0.626084	2.69588	1.04807	0.437443	2.62573	1.18509	1.11542	-0.547911	2.72363	1.14642	0.42184	2.61625	1.1668	1.10454	-0.528001	2.73122	1.14937	0.4218	2.61636	1.1668	1.10451	-0.527913	2.7312	1.14939	0.421803	2.61636	1.1668	1.10453	-0.527923	2.73122
r	RRTConnectConfigDefault	4	2	1	8	1.14939	0.421803	2.61636	1.1668	1.10453	-0.527925	2.73122	1.10687	0.399292	2.6507	1.20126	1.15219	-0.601934	2.75183	0.881129	0.308642	2.7912	1.34118	1.34373	-0.90017	2.83367	0.582614	0.214296	2.93535	1.484	1.53835	-1.2048	2.91678	0.335675	0.153611	3.0263	1.5745	1.66287	-1.39871	2.97012	0.276329	0.146544	3.03532	1.58428	1.67621	-1.41994	2.97579	0.274296	0.146599	3.0353	1.58424	1.67617	-1.41996	2.97579	0.274218	0.146598	3.0353	1.58424	1.67617	-1.41996	2.97579
r	RRTStarConfigDefault	0	0	1	8	-1.68992	-0.399964	1.72009	0.94999	0.230078	1.61006	-1.26002	-1.65443	-0.374649	1.7091	1.0022	0.235202	1.51183	-1.29391	-1.51992	-0.288443	1.67211	1.17959	0.251786	1.17755	-1.40851	-1.30445	-0.183783	1.62816	1.39265	0.272981	0.776607	-1.54653	-1.10704	-0.10634	1.59528	1.54553	0.286967	0.488817	-1.64574	-1.03847	-0.0867014	1.58929	1.58532	0.292285	0.414495	-1.67199	-1.03526	-0.0864064	1.5879	1.58513	0.291632	0.413774	-1.67211	-1.03521	-0.0865227	1.58821	1.58515	0.291759	0.413911	-1.6721
r	RRTStarConfigDefault	0	1	1	11	-1.03521	-0.0865029	1.58819	1.58515	0.291754	0.413903	-1.6721	-0.970443	-0.0920569	1.59195	1.55605	0.253535	0.393604	-1.63657	-0.763803	-0.105033	1.60112	1.48789	0.161882	0.345268	-1.55128	-0.452185	-0.120826	1.61216	1.40516	0.0509794	0.284384	-1.44822	-0.152385	-0.135886	1.62273	1.32621	-0.0545528	0.227676	-1.35011	0.147477	-0.150901	1.63333	1.24743	-0.159167	0.171338	-1.25281	0.447471	-0.165861	1.64359	1.16834	-0.265255	0.113666	-1.1547	0.710632	-0.176744	1.65145	1.11217	-0.340952	0.0731899	-1.08393	0.824266	-0.179987	1.65372	1.09494	-0.364921	0.0610721	-1.06148	0.828751	-0.180021	1.65372	1.09487	-0.364915	0.0610707	-1.06147	0.828798	-0.180017	1.65371	1.09487	-0.364917	0.0610773	-1.06147
r	RRTStarConfigDefault	0	2	1	16	0.828799	-0.180018	1.65371	1.09487	-0.364917	0.0610768	-1.06147	0.804606	-0.238004	1.64392	1.1205	-0.350929	0.059078	-0.960188	0.726919	-0.424322	1.6134	1.20229	-0.304805	0.0519868	-0.636829	0.592517	-0.65791	1.58143	1.30445	-0.273176	0.0333389	-0.217535	0.465838	-0.847048	1.56299	1.39088	-0.290303	0.00979971	0.162184	0.32978	-1.00622	1.55734	1.46965	-0.358512	-0.0297247	0.532471	0.192321	-1.09631	1.58099	1.53029	-0.551066	-0.0968356	0.896627	0.0641777	-1.08501	1.6409	1.5574	-0.871643	-0.192912	1.18729	-0.0686158	-1.02321	1.7166	1.56862	-1.25136	-0.300117	1.43921	-0.182964	-0.930916	1.79999	1.56862	-1.65342	-0.411067	1.65426	-0.283416	-0.813492	1.8849	1.55669	-2.04957	-0.516537	1.81909	-0.378015	-0.693616	1.97091	1.54355	-2.44789	-0.623128	1.9779	-0.469075	-0.564061	2.0586	1.52711	-2.85161	-0.730072	2.12494	-0.527818	-0.503321	2.09806	1.51948	-3.03429	-0.778541	2.19194	-0.539847	-0.494504	2.10336	1.51865	-3.059	-0.784823	2.20155	-0.540046	-0.494567	2.10353	1.51869	-3.059	-0.784889	2.20154
r	RRTStarConfigDefault	1	0	1	8	-1.69006	-0.400082	1.72005	0.950058	0.230087	1.61007	-1.25993	-1.65687	-0.376052	1.70967	0.999967	0.235214	1.51577	-1.29253	-1.52691	-0.292316	1.6732	1.17319	0.251131	1.19064	-1.40429	-1.32291	-0.193049	1.63188	1.37468	0.271099	0.810577	-1.53484	-1.1186	-0.11047	1.59895	1.54001	0.28753	0.500899	-1.64134	-1.0396	-0.0865279	1.58744	1.58563	0.290829	0.411689	-1.67137	-1.03537	-0.0869637	1.58828	1.58579	0.291118	0.412616	-1.67137	-1.03529	-0.0869188	1.58839	1.58578	0.291179	0.412642	-1.67136
r	RRTStarConfigDefault	1	1	1	16	-1.03529	-0.0869098	1.58831	1.58578	0.291144	0.412613	-1.67136	-1.00517	-0.0831787	1.5968	1.57501	0.321374	0.39838	-1.56291	-0.907015	-0.07229	1.62186	1.54363	0.408313	0.357404	-1.24599	-0.745186	-0.0586978	1.65327	1.50419	0.515914	0.305464	-0.844694	-0.579678	-0.0451874	1.68479	1.46477	0.624023	0.253347	-0.446703	-0.414399	-0.0315441	1.7164	1.42537	0.731209	0.201724	-0.0451198	-0.248914	-0.0178498	1.74786	1.38589	0.839278	0.150074	0.355854	-0.0836733	-0.00432498	1.77925	1.3466	0.947225	0.0981276	0.756512	0.0817822	0.00938351	1.81082	1.30707	1.05619	0.0463693	1.15579	0.247115	0.0229795	1.84233	1.26776	1.1649	-0.0058038	1.55662	0.412586	0.0365871	1.87369	1.22825	1.27157	-0.0573595	1.95506	0.57779	0.0501913	1.90461	1.18952	1.37114	-0.108601	2.35628	0.743255	0.0636106	1.93634	1.14959	1.48707	-0.160598	2.75052	0.854306	0.0699115	1.95095	1.13138	1.53795	-0.184717	2.9371	0.878715	0.0705915	1.95247	1.12952	1.54284	-0.187202	2.95713	0.878971	0.0706047	1.95244	1.12951	1.5428	-0.187223	2.9571
r	RRTStarConfigDefault	1	2	1	19	0.878973	0.0706073	1.95244	1.12951	1.5428	-0.187227	2.9571	0.846722	0.0511383	1.88237	1.1005	1.49498	-0.13526	2.87987	0.696271	-0.0235814	1.60699	0.987626	1.31046	0.0670303	2.57876	0.472674	-0.10905	1.30836	0.864147	1.11296	0.287169	2.2518	0.236749	-0.195653	1.00922	0.739622	0.872223	0.534761	1.87897	0.00289364	-0.274156	0.745567	0.631208	0.645582	0.761404	1.53211	-0.156035	-0.314572	0.638981	0.587074	0.422626	0.942979	1.23605	-0.259966	-0.318948	0.689338	0.607639	0.165168	1.09748	0.952001	-0.262127	-0.276881	0.947593	0.713558	-0.125657	1.21371	0.690602	-0.220411	-0.220311	1.25264	0.8377	-0.386886	1.29111	0.489202	-0.165166	-0.163485	1.54814	0.95955	-0.59729	1.34089	0.336238	-0.094407	-0.10241	1.85444	1.0842	-0.778013	1.36921	0.218538	-0.0201088	-0.0441896	2.14729	1.20407	-0.951844	1.39499	0.110241	0.0578912	0.0178742	2.44788	1.3281	-1.12795	1.41915	0.00112464	0.136094	0.0782966	2.75059	1.45258	-1.29819	1.43791	-0.101131	0.213907	0.132859	3.00299	1.55631	-1.42055	1.4449	-0.163246	0.249069	0.144248	3.05395	1.57692	-1.44016	1.44223	-0.169889	0.250543	0.144192	3.05401	1.57694	-1.44017	1.44212	-0.169902	0.250591	0.144191	3.05402	1.57694	-1.44017	1.44211	-0.169902
r	RRTStarConfigDefault	2	0	1	8	-1.69005	-0.399997	1.71995	0.949962	0.230029	1.61003	-1.25994	-1.65557	-0.380063	1.70522	1.0006	0.248198	1.51632	-1.30193	-1.51594	-0.306478	1.6527	1.18703	0.313826	1.17195	-1.45649	-1.2967	-0.219995	1.59121	1.40294	0.390372	0.773639	-1.63652	-1.10047	-0.157745	1.5474	1.55353	0.442454	0.493964	-1.76066	-1.03862	-0.144462	1.54026	1.58842	0.455994	0.431555	-1.78958	-1.0361	-0.14401	1.53905	1.58818	0.455495	0.430465	-1.78968	-1.03604	-0.144097	1.53911	1.58818	0.455499	0.430484	-1.78969
r	RRTStarConfigDefault	2	1	1	22	-1.03604	-0.144093	1.53915	1.58818	0.45552	0.430502	-1.78969	-1.03336	-0.176342	1.51932	1.5913	0.50434	0.439998	-1.74741	-1.00028	-0.279243	1.3634	1.59754	0.631729	0.481796	-1.57362	-0.906758	-0.458788	1.06402	1.60471	0.834155	0.554619	-1.26796	-0.799603	-0.634203	0.759039	1.611	1.03067	0.630062	-0.955599	-0.69202	-0.801336	0.460553	1.61694	1.21281	0.700861	-0.659721	-0.581878	-0.959419	0.159658	1.62094	1.37731	0.771589	-0.373557	-0.486301	-1.06674	-0.049023	1.62267	1.48226	0.818573	-0.179027	-0.435117	-1.05066	-0.125279	1.6157	1.42537	0.822957	-0.167144	-0.357134	-0.968407	-0.294384	1.59457	1.21763	0.820619	-0.191629	-0.182539	-0.817421	-0.595467	1.5524	0.84664	0.825567	-0.230938	0.0123892	-0.664971	-0.895932	1.51184	0.472802	0.826176	-0.274839	0.208165	-0.508985	-1.19534	1.4709	0.0937103	0.825457	-0.322357	0.404168	-0.352939	-1.49513	1.42963	-0.285935	0.825332	-0.368659	0.602627	-0.188186	-1.79782	1.38774	-0.681217	0.824103	-0.424403	0.801943	-0.0248547	-2.09636	1.34509	-1.07412	0.821817	-0.480016	1.00171	0.140151	-2.39455	1.30279	-1.46755	0.818671	-0.537018	1.19995	0.302887	-2.68699	1.26228	-1.85526	0.814852	-0.596567	1.38278	0.434443	-2.91934	1.22834	-2.16543	0.814596	-0.639623	1.48307	0.497735	-3.03174	1.21361	-2.31122	0.812842	-0.659997	1.49002	0.499164	-3.03187	1.21217	-2.31545	0.813798	-0.661759	1.49006	0.499232	-3.03186	1.21216	-2.31524	0.813932	-0.661623
r	RRTStarConfigDefault	2	2	1	8	1.49006	0.499231	-3.03185	1.21216	-2.31525	0.813926	-0.661625	1.44963	0.465573	-3.00886	1.24193	-2.27992	0.899772	-0.624614	1.26068	0.332598	-2.9187	1.3596	-2.14232	1.23454	-0.479399	0.963653	0.176977	-2.81439	1.49469	-1.98059	1.62457	-0.311663	0.735189	0.0885689	-2.75815	1.56899	-1.89426	1.83672	-0.219035	0.682867	0.0773563	-2.75075	1.57813	-1.88338	1.86268	-0.207957	0.681045	0.0773494	-2.75076	1.57817	-1.88336	1.86294	-0.207972	0.68099	0.0773502	-2.75076	1.57817	-1.88336	1.86291	-0.207972
r	RRTStarConfigDefault	3	0	1	8	-1.69005	-0.400035	1.72005	0.950023	0.229972	1.61004	-1.26008	-1.65505	-0.375012	1.70932	1.0016	0.235055	1.51265	-1.29327	-1.5214	-0.289688	1.67202	1.17728	0.251324	1.18211	-1.40697	-1.30576	-0.185151	1.62817	1.38973	0.272826	0.782949	-1.54478	-1.10774	-0.107311	1.59528	1.54472	0.287033	0.490686	-1.64503	-1.03838	-0.0872692	1.58895	1.58492	0.291826	0.414883	-1.67101	-1.0351	-0.0870602	1.58777	1.58476	0.291267	0.414291	-1.67111	-1.03504	-0.0871628	1.58809	1.58478	0.291397	0.414429	-1.6711
r	RRTStarConfigDefault	3	1	1	13	-1.03504	-0.0871426	1.58805	1.58478	0.291387	0.414417	-1.6711	-1.00165	-0.0900543	1.58909	1.57268	0.367542	0.402759	-1.57479	-0.87515	-0.100136	1.59268	1.5319	0.624087	0.363612	-1.25032	-0.666456	-0.112347	1.5964	1.4819	0.940611	0.316221	-0.851411	-0.45326	-0.124346	1.60088	1.43076	1.258	0.267472	-0.450537	-0.24037	-0.136763	1.60515	1.38134	1.57632	0.218934	-0.0496555	-0.0274903	-0.148811	1.60928	1.33088	1.88778	0.171262	0.350319	0.18567	-0.1611	1.61344	1.2805	2.20757	0.122938	0.749477	0.398978	-0.173428	1.61766	1.22992	2.52542	0.0749511	1.15089	0.612117	-0.185575	1.6219	1.18011	2.8406	0.0261662	1.54899	0.780825	-0.192602	1.62436	1.15122	3.02306	-0.00143569	1.78026	0.827071	-0.194016	1.62477	1.14552	3.05848	-0.00644984	1.82505	0.827959	-0.19401	1.62473	1.14551	3.05835	-0.00644376	1.82494
r	RRTStarConfigDefault	3	2	1	25	0.827966	-0.19401	1.62473	1.14551	3.05835	-0.00644264	1.82494	0.809813	-0.206034	1.59448	1.13771	2.94586	-0.00391915	1.83271	0.763446	-0.239142	1.50953	1.11598	2.62991	0.00221861	1.85272	0.724884	-0.260345	1.45552	1.1023	2.42907	0.00565195	1.86504	0.645912	-0.303139	1.34749	1.07441	2.02972	0.0141401	1.88884	0.567393	-0.344931	1.23868	1.04743	1.63261	0.0234896	1.91023	0.49271	-0.384433	1.11589	1.02359	1.22988	0.0420479	1.92115	0.419439	-0.423687	0.994863	0.999957	0.830141	0.0597004	1.93314	0.346133	-0.463267	0.871889	0.975957	0.427568	0.0783134	1.94349	0.283217	-0.493645	0.718088	0.96263	0.032048	0.121241	1.92619	0.223781	-0.524305	0.563185	0.948417	-0.367151	0.163538	1.90645	0.168015	-0.549145	0.381811	0.941702	-0.768255	0.225632	1.86119	0.135382	-0.561295	0.153092	0.9488	-1.16941	0.323427	1.77345	0.116608	-0.565346	-0.070368	0.962572	-1.51429	0.428334	1.672	0.153881	-0.535768	-0.365476	1.01005	-1.77082	0.599779	1.4805	0.194819	-0.507477	-0.617264	1.05333	-1.96993	0.750391	1.30971	0.268726	-0.453779	-0.9057	1.12139	-2.07805	0.945528	1.07612	0.358817	-0.398152	-1.20143	1.1905	-2.18496	1.14589	0.836864	0.466503	-0.327698	-1.49707	1.27267	-2.2114	1.36027	0.571335	0.583632	-0.257828	-1.79356	1.35398	-2.24216	1.57556	0.30662	0.70835	-0.179945	-2.09701	1.44331	-2.23336	1.80158	0.0234478	0.839387	-0.104888	-2.38682	1.5272	-2.22206	2.02015	-0.244031	0.91108	-0.0776251	-2.48653	1.55784	-2.21927	2.094	-0.340678	0.915047	-0.0776744	-2.48608	1.55777	-2.21971	2.094	-0.340525	0.915175	-0.0776748	-2.48608	1.55777	-2.21971	2.094	-0.340523
r	RRTStarConfigDefault	4	0	1	8	-1.68993	-0.400099	1.71998	0.950058	0.230084	1.6099	-1.26001	-1.65551	-0.37535	1.70942	1.00136	0.234989	1.51318	-1.2932	-1.5238	-0.290506	1.67295	1.17826	0.251954	1.18067	-1.40791	-1.3084	-0.186222	1.62939	1.38948	0.272301	0.78294	-1.54427	-1.10969	-0.107748	1.59648	1.54599	0.286658	0.489173	-1.64548	-1.03889	-0.0870535	1.58949	1.58669	0.291342	0.411878	-1.67186	-1.03539	-0.0869386	1.58833	1.58654	0.290835	0.411595	-1.67191	-1.03535	-0.0870456	1.58872	1.58657	0.291003	0.41177	-1.6719
r	RRTStarConfigDefault	4	1	1	18	-1.03534	-0.0870199	1.58867	1.58656	0.290982	0.411749	-1.6719	-1.02483	-0.052262	1.66725	1.54369	0.300203	0.4535	-1.66544	-0.993568	0.0701852	1.94682	1.39146	0.335422	0.60362	-1.64325	-0.938341	0.200354	2.23756	1.23772	0.377864	0.737717	-1.56305	-0.847938	0.315646	2.49788	1.10611	0.433896	0.812656	-1.37924	-0.714599	0.395857	2.67187	1.02652	0.488175	0.803909	-1.1097	-0.52453	0.453377	2.79487	0.981048	0.551759	0.728443	-0.741962	-0.320188	0.48188	2.85585	0.971108	0.614803	0.604365	-0.342227	-0.114993	0.493192	2.8771	0.983174	0.672451	0.458223	0.0560806	0.0880135	0.499289	2.88757	1.00109	0.726975	0.305498	0.457399	0.289646	0.49921	2.88426	1.02629	0.783426	0.144985	0.855347	0.491106	0.495636	2.87232	1.05657	0.836633	-0.0200904	1.25498	0.691748	0.491295	2.8597	1.08699	0.889822	-0.185894	1.65457	0.892298	0.483319	2.83854	1.12171	0.941467	-0.354013	2.04742	1.09051	0.475952	2.81843	1.15493	0.991632	-0.514713	2.42556	1.21352	0.471907	2.8082	1.17264	1.01837	-0.601286	2.62803	1.25257	0.471467	2.80695	1.17459	1.01917	-0.610136	2.65026	1.25307	0.471467	2.80692	1.1746	1.01894	-0.610058	2.65008
r	RRTStarConfigDefault	4	2	1	8	1.25307	0.471469	2.80692	1.1746	1.01898	-0.610065	2.6501	1.20176	0.444142	2.8244	1.20956	1.07748	-0.677993	2.678	0.976604	0.350867	2.8844	1.32809	1.27259	-0.905729	2.77075	0.677644	0.252834	2.94603	1.45107	1.47602	-1.14216	2.86736	0.385333	0.167711	2.99912	1.55732	1.65368	-1.35067	2.95186	0.261461	0.144713	3.01227	1.5844	1.69739	-1.40038	2.97253	0.253571	0.144603	3.01268	1.58457	1.69791	-1.39979	2.97262	0.253316	0.1446	3.01268	1.58458	1.69792	-1.39979	2.97262
r	RRTConfigDefault	0	0	1	8	-1.69008	-0.399912	1.71998	0.949988	0.230037	1.61001	-1.26001	-1.65648	-0.375653	1.7096	1.00015	0.234951	1.51512	-1.29259	-1.52576	-0.291724	1.67295	1.17394	0.251094	1.18916	-1.40469	-1.31082	-0.187261	1.63005	1.38655	0.27245	0.787843	-1.54256	-1.11071	-0.108187	1.59639	1.54421	0.286214	0.49212	-1.64358	-1.03875	-0.0871781	1.58894	1.58535	0.291165	0.413465	-1.67077	-1.03519	-0.0871228	1.58797	1.58534	0.290766	0.413242	-1.67076	-1.03514	-0.0872168	1.58835	1.58537	0.290933	0.413415	-1.67074
r	RRTConfigDefault	0	1	1	20	-1.03513	-0.0871913	1.58829	1.58537	0.290909	0.413392	-1.67074	-1.01623	-0.127761	1.51024	1.50578	0.306345	0.360597	-1.6338	-0.970481	-0.221783	1.33103	1.36381	0.298163	0.252614	-1.55152	-0.857657	-0.289391	1.06824	1.33668	0.1128	0.175739	-1.45858	-0.68401	-0.349281	0.757686	1.34715	-0.143917	0.104305	-1.35601	-0.509692	-0.399499	0.457284	1.37324	-0.40793	0.0473153	-1.25882	-0.328263	-0.44574	0.152819	1.40767	-0.68232	-0.0045493	-1.166	-0.143539	-0.468426	-0.14129	1.47263	-0.975929	-0.032646	-1.07677	0.01711	-0.453844	-0.338565	1.51723	-1.1677	-0.0130771	-1.03252	0.166721	-0.358404	-0.59361	1.50148	-1.32768	0.0869985	-1.00945	0.37059	-0.247078	-0.89225	1.47464	-1.50486	0.206573	-0.982224	0.579446	-0.133193	-1.19199	1.44089	-1.67725	0.327833	-0.957193	0.786683	-0.0200287	-1.49227	1.40223	-1.84288	0.446887	-0.92848	0.995652	0.095606	-1.79358	1.35764	-2.00638	0.566272	-0.903687	1.20159	0.206149	-2.08473	1.31385	-2.1625	0.682897	-0.877582	1.41523	0.330359	-2.41179	1.26337	-2.33583	0.813347	-0.848429	1.59284	0.407169	-2.61329	1.22584	-2.44361	0.890201	-0.837703	1.6794	0.441601	-2.69586	1.20094	-2.46477	0.928121	-0.823823	1.68227	0.441896	-2.69489	1.20106	-2.46657	0.927255	-0.824471	1.68219	0.441891	-2.6949	1.20107	-2.46655	0.927263	-0.824471
r	RRTConfigDefault	0	2	1	8	1.68219	0.44189	-2.6949	1.20107	-2.46654	0.927264	-0.824465	1.64094	0.405515	-2.6841	1.23016	-2.43766	1.01643	-0.781348	1.45303	0.263562	-2.64336	1.34329	-2.32745	1.3554	-0.616615	1.15601	0.0965951	-2.5955	1.47416	-2.19977	1.75289	-0.423865	0.915415	-0.00548842	-2.56656	1.55193	-2.12291	1.98802	-0.310391	0.851457	-0.0235303	-2.56245	1.56521	-2.1104	2.02934	-0.290068	0.848887	-0.0235299	-2.56254	1.56519	-2.11025	2.02912	-0.290057	0.848796	-0.02353	-2.56256	1.56518	-2.11025	2.02918	-0.290056
r	RRTConfigDefault	1	0	1	8	-1.68997	-0.40006	1.72003	0.949931	0.229941	1.60992	-1.25991	-1.65622	-0.375615	1.70977	1.00019	0.234774	1.51488	-1.29247	-1.52603	-0.291265	1.67345	1.17453	0.25082	1.18822	-1.40538	-1.31076	-0.186304	1.63019	1.38625	0.270852	0.789782	-1.54256	-1.11115	-0.106741	1.59728	1.54477	0.285059	0.4927	-1.64462	-1.03915	-0.0854701	1.5897	1.58603	0.290064	0.413623	-1.67246	-1.03558	-0.085441	1.58881	1.58602	0.289703	0.413432	-1.67244	-1.03554	-0.0855301	1.58918	1.58605	0.289869	0.413601	-1.67243
r	RRTConfigDefault	1	1	1	11	-1.03553	-0.085505	1.58912	1.58604	0.289843	0.413577	-1.67243	-0.992184	-0.0959545	1.58306	1.56865	0.213847	0.393924	-1.58821	-0.79773	-0.134452	1.56076	1.50334	-0.0683675	0.320509	-1.27483	-0.501578	-0.178598	1.53477	1.42939	-0.38707	0.236846	-0.922576	-0.201697	-0.222748	1.50902	1.35531	-0.708303	0.152416	-0.567768	0.0983123	-0.267262	1.4834	1.2813	-1.0296	0.0694493	-0.209289	0.398318	-0.311464	1.45785	1.20739	-1.34803	-0.0143404	0.143196	0.689926	-0.351654	1.43615	1.14278	-1.63228	-0.0891643	0.458762	0.825803	-0.361629	1.42931	1.12485	-1.70966	-0.108311	0.543646	0.83545	-0.361711	1.42921	1.12463	-1.70962	-0.108111	0.543686	0.835556	-0.361705	1.42919	1.12463	-1.70962	-0.108086	0.543686
r	RRTConfigDefault	1	2	1	9	0.835558	-0.361704	1.42919	1.12463	-1.70962	-0.108083	0.543686	0.796267	-0.363749	1.46527	1.14159	-1.63157	-0.0620724	0.476835	0.603278	-0.372877	1.61472	1.2116	-1.30965	0.1278	0.203911	0.306458	-0.382532	1.78403	1.29029	-0.947487	0.34261	-0.105151	0.00659831	-0.392519	1.95342	1.36921	-0.585585	0.557133	-0.412998	-0.290716	-0.402124	2.11511	1.44453	-0.237228	0.762887	-0.710984	-0.464236	-0.406158	2.17809	1.47275	-0.106197	0.838285	-0.818325	-0.485455	-0.40541	2.17555	1.47288	-0.108562	0.839632	-0.818699	-0.486151	-0.405467	2.17501	1.47291	-0.109073	0.839722	-0.818761
r	RRTConfigDefault	2	0	1	8	-1.69003	-0.400039	1.72006	0.949946	0.229919	1.61008	-1.26002	-1.65279	-0.373711	1.70887	1.00416	0.235013	1.50848	-1.29512	-1.51586	-0.286002	1.67138	1.18502	0.252442	1.16779	-1.41264	-1.30016	-0.181471	1.62757	1.3975	0.272977	0.769222	-1.55038	-1.10517	-0.105078	1.59545	1.54843	0.287285	0.48469	-1.64871	-1.03893	-0.0864019	1.58983	1.58674	0.29169	0.414447	-1.67325	-1.03596	-0.086031	1.58853	1.58651	0.291068	0.413466	-1.67338	-1.0359	-0.0861303	1.58871	1.58652	0.291131	0.413538	-1.67338
r	RRTConfigDefault	2	1	1	12	-1.0359	-0.0861201	1.58872	1.58652	0.291141	0.413544	-1.67338	-0.999714	-0.0898463	1.58943	1.57324	0.19918	0.4011	-1.58131	-0.865358	-0.102432	1.59208	1.52825	-0.113655	0.359623	-1.26791	-0.627027	-0.118717	1.59537	1.47046	-0.512234	0.302902	-0.869967	-0.384194	-0.134858	1.59847	1.41249	-0.909136	0.247338	-0.473641	-0.141371	-0.151001	1.60195	1.35491	-1.31199	0.191849	-0.0700869	0.101459	-0.167154	1.60531	1.29716	-1.71208	0.136445	0.329984	0.344118	-0.183289	1.60883	1.2397	-2.10923	0.0815245	0.726008	0.587038	-0.199394	1.61223	1.18222	-2.50886	0.0264157	1.12649	0.777272	-0.208407	1.61384	1.15003	-2.73637	-0.00530308	1.35445	0.82585	-0.210068	1.61422	1.14435	-2.77645	-0.0102921	1.3946	0.826599	-0.210042	1.61421	1.14433	-2.77645	-0.0102766	1.39461
r	RRTConfigDefault	2	2	1	10	0.826604	-0.210044	1.61421	1.14433	-2.77645	-0.0102777	1.39461	0.780257	-0.272497	1.59462	1.16127	-2.71726	-0.0798899	1.40589	0.560034	-0.511239	1.52259	1.22401	-2.49445	-0.341282	1.44817	0.261445	-0.76428	1.44776	1.28898	-2.26208	-0.615567	1.48935	-0.0387474	-1.01705	1.37349	1.35433	-2.03173	-0.888443	1.53303	-0.338274	-1.26997	1.2983	1.41987	-1.79778	-1.1616	1.57396	-0.586439	-1.43774	1.25003	1.46201	-1.64812	-1.33872	1.60185	-0.650669	-1.45898	1.2441	1.46743	-1.63047	-1.3599	1.60527	-0.654007	-1.459	1.24415	1.46744	-1.63047	-1.35986	1.60527	-0.654164	-1.459	1.24415	1.46745	-1.63047	-1.35986	1.60527
r	RRTConfigDefault	3	0	1	8	-1.68998	-0.400002	1.72006	0.949968	0.230056	1.61	-1.26002	-1.65651	-0.375701	1.70979	1.00009	0.234787	1.51554	-1.29261	-1.52731	-0.291738	1.67459	1.17532	0.252164	1.18582	-1.40602	-1.31152	-0.186792	1.62996	1.38578	0.271454	0.790704	-1.54239	-1.11175	-0.107109	1.59706	1.54441	0.286428	0.493329	-1.64507	-1.03937	-0.0857507	1.58928	1.586	0.291062	0.413395	-1.6724	-1.03577	-0.0857749	1.58851	1.58604	0.29076	0.413208	-1.67236	-1.03573	-0.0858564	1.58889	1.58607	0.290929	0.413377	-1.67234
r	RRTConfigDefault	3	1	0	0
r	RRTConfigDefault	3	2	1	7	-1.03572	-0.0858302	1.58882	1.58606	0.290899	0.413349	-1.67234	-1.00721	-0.157942	1.6229	1.56989	0.323209	0.469445	-1.62296	-0.884224	-0.443068	1.75609	1.50727	0.448852	0.688214	-1.43254	-0.71842	-0.701056	1.86744	1.45343	0.554318	0.878657	-1.26508	-0.661772	-0.758225	1.89423	1.44184	0.579377	0.920626	-1.22886	-0.659751	-0.75842	1.89569	1.44148	0.580914	0.9209	-1.22873	-0.659697	-0.758432	1.89581	1.44147	0.581018	0.920962	-1.22872
r	RRTConfigDefault	4	0	1	8	-1.69003	-0.400071	1.71991	0.949921	0.22998	1.60994	-1.26006	-1.65716	-0.376226	1.7098	0.99906	0.234789	1.51713	-1.29189	-1.52874	-0.292503	1.67368	1.17256	0.25133	1.19216	-1.40466	-1.31335	-0.187477	1.63001	1.38383	0.271218	0.794576	-1.5417	-1.11269	-0.107375	1.59702	1.54368	0.286894	0.495099	-1.64552	-1.03939	-0.0856004	1.58887	1.58541	0.291311	0.414578	-1.67303	-1.03575	-0.0856658	1.5882	1.58551	0.291068	0.414513	-1.67296	-1.0357	-0.0857413	1.58859	1.58553	0.291241	0.414681	-1.67295
r	RRTConfigDefault	4	1	1	13	-1.0357	-0.0857154	1.58851	1.58553	0.291208	0.414651	-1.67295	-1.00213	-0.0886662	1.58959	1.57328	0.367167	0.403048	-1.57604	-0.875331	-0.0989809	1.59313	1.53245	0.626465	0.364079	-1.25183	-0.666243	-0.11074	1.59727	1.4818	0.942875	0.314884	-0.851859	-0.453066	-0.123089	1.60169	1.43107	1.25929	0.266528	-0.450505	-0.240237	-0.135239	1.60621	1.38139	1.57695	0.218026	-0.0533512	-0.0268874	-0.147607	1.61018	1.33057	1.89343	0.170192	0.348501	0.186244	-0.159856	1.61432	1.28035	2.20877	0.121973	0.748645	0.39955	-0.171994	1.61883	1.23002	2.52726	0.0731071	1.14801	0.612986	-0.184521	1.62259	1.17926	2.8417	0.0244165	1.54759	0.785572	-0.191503	1.62566	1.15019	3.02962	-0.00401142	1.78445	0.826879	-0.192637	1.626	1.14544	3.059	-0.00828083	1.82196	0.827599	-0.192626	1.626	1.14542	3.059	-0.00825663	1.82196
r	RRTConfigDefault	4	2	1	31	0.827604	-0.192627	1.626	1.14542	3.059	-0.00825605	1.82196	0.812092	-0.196582	1.62625	1.15033	2.99429	-0.00920919	1.8161	0.725498	-0.220939	1.6182	1.17414	2.63984	-0.014965	1.77258	0.600313	-0.248808	1.6041	1.19837	2.2572	-0.0209835	1.724	0.470414	-0.280501	1.58679	1.22545	1.83531	-0.0281504	1.6595	0.343142	-0.310088	1.56697	1.25049	1.43686	-0.0321678	1.59774	0.220116	-0.338152	1.55657	1.27545	1.05526	-0.039667	1.54928	0.100544	-0.376195	1.4988	1.2941	0.659628	-0.0505084	1.44684	-0.00328839	-0.420602	1.41336	1.30917	0.254481	-0.0650872	1.31235	-0.0828137	-0.465541	1.3065	1.31512	-0.0685524	-0.0803763	1.16207	-0.0597503	-0.514024	1.1124	1.29231	-0.168679	-0.103793	0.937547	0.0230328	-0.556878	0.900709	1.25727	-0.120082	-0.126746	0.70803	0.153273	-0.584984	0.687676	1.21007	0.116169	-0.151694	0.507019	0.376832	-0.622921	0.386283	1.1398	0.501421	-0.18567	0.212145	0.571071	-0.640994	0.1645	1.10191	0.758577	-0.224322	0.0221924	0.640727	-0.629268	0.0163504	1.10572	0.830446	-0.252937	-0.0419148	0.662601	-0.584071	-0.275125	1.13443	0.8319	-0.242588	-0.12067	0.68409	-0.532952	-0.57605	1.16648	0.793322	-0.201261	-0.191632	0.701406	-0.479479	-0.875814	1.19967	0.731374	-0.142636	-0.256246	0.703134	-0.413484	-1.17554	1.241	0.56698	-0.00961802	-0.294749	0.705383	-0.346742	-1.47465	1.28297	0.395676	0.127584	-0.330989	0.701637	-0.275637	-1.77432	1.32773	0.185915	0.29171	-0.35857	0.694963	-0.200588	-2.07062	1.37498	-0.0570499	0.482027	-0.374903	0.673025	-0.11369	-2.37153	1.42989	-0.402185	0.742078	-0.367716	0.652599	-0.0295145	-2.65472	1.48312	-0.746434	1.00427	-0.356066	0.632757	0.0241715	-2.79654	1.51617	-1.00048	1.19319	-0.328819	0.60816	0.0547453	-2.8411	1.53671	-1.21108	1.3489	-0.288157	0.568392	0.105897	-2.88738	1.56904	-1.58153	1.61789	-0.207255	0.541812	0.127174	-2.90583	1.58239	-1.73252	1.72682	-0.172494	0.541482	0.126996	-2.90568	1.58247	-1.73041	1.72469	-0.172414	0.541487	0.126993	-2.90569	1.58249	-1.73039	1.72475	-0.172415
r	SBLConfigDefault	0	0	1	8	-1.68992	-0.400072	1.71998	0.949936	0.230081	1.60992	-1.26002	-1.65581	-0.375601	1.70957	1.00041	0.234774	1.51459	-1.29266	-1.5245	-0.291965	1.67251	1.17241	0.250634	1.1916	-1.40373	-1.31003	-0.187061	1.62984	1.38801	0.272712	0.785598	-1.54405	-1.11064	-0.108093	1.59643	1.54523	0.287181	0.491272	-1.64569	-1.03897	-0.0871874	1.58904	1.58629	0.291472	0.412791	-1.67212	-1.03541	-0.0871434	1.58816	1.58627	0.291102	0.412466	-1.67212	-1.03536	-0.0872302	1.58852	1.5863	0.291257	0.412621	-1.67211
r	SBLConfigDefault	0	1	1	13	-1.03536	-0.0872065	1.58846	1.58629	0.291234	0.412599	-1.67211	-0.987928	-0.0680121	1.63659	1.57387	0.208545	0.423327	-1.63647	-0.775919	-0.00164899	1.80531	1.5298	-0.0824564	0.461981	-1.5083	-0.478981	0.0710925	1.98862	1.48431	-0.401727	0.501371	-1.36531	-0.179148	0.143882	2.17057	1.43653	-0.708495	0.543452	-1.23796	0.12061	0.217025	2.35351	1.39016	-1.0258	0.583261	-1.09782	0.420028	0.289788	2.53576	1.34322	-1.33925	0.624468	-0.961288	0.720095	0.362843	2.71875	1.29612	-1.65288	0.666069	-0.826033	1.01994	0.435702	2.90129	1.24923	-1.96675	0.706785	-0.689298	1.28566	0.48924	3.02974	1.21595	-2.18996	0.73652	-0.590938	1.35056	0.498459	3.05381	1.21038	-2.23074	0.740355	-0.573415	1.37286	0.498361	3.05418	1.2101	-2.23131	0.740773	-0.573512	1.37317	0.498381	3.05418	1.21007	-2.23138	0.7408	-0.573546
r	SBLConfigDefault	0	2	1	9	1.37317	0.498382	3.05418	1.21007	-2.23138	0.740803	-0.573543	1.31957	0.470803	3.05396	1.23918	-2.16808	0.797337	-0.541083	1.09921	0.382918	3.05395	1.33147	-1.96999	0.974786	-0.440296	0.800318	0.287707	3.05401	1.43002	-1.75794	1.15973	-0.332314	0.500289	0.19318	3.05401	1.52798	-1.54629	1.34853	-0.224709	0.28821	0.143255	3.0542	1.57806	-1.43876	1.44322	-0.170074	0.252151	0.143901	3.05418	1.57707	-1.44062	1.44231	-0.170553	0.250949	0.143921	3.05417	1.57713	-1.44046	1.44272	-0.170497	0.250914	0.143919	3.05418	1.57712	-1.44048	1.44266	-0.170502
r	SBLConfigDefault	1	0	1	8	-1.69008	-0.399934	1.71997	0.949992	0.229974	1.60998	-1.25992	-1.65568	-0.375354	1.70929	1.00116	0.235021	1.51377	-1.2932	-1.52431	-0.290628	1.67269	1.17737	0.251699	1.18266	-1.4072	-1.30853	-0.186102	1.62931	1.38902	0.27134	0.783549	-1.5437	-1.10942	-0.108046	1.59592	1.54418	0.286548	0.493465	-1.64618	-1.03881	-0.0872988	1.58901	1.58564	0.291613	0.414414	-1.67238	-1.03536	-0.0871745	1.58789	1.58552	0.291137	0.414077	-1.67241	-1.03531	-0.0872777	1.58827	1.58555	0.291298	0.414245	-1.6724
r	SBLConfigDefault	1	1	1	13	-1.0353	-0.087253	1.58821	1.58554	0.291278	0.414225	-1.6724	-0.989268	-0.0684361	1.63465	1.57329	0.209874	0.42446	-1.63602	-0.780991	-0.00289121	1.79877	1.52985	-0.0756946	0.460464	-1.51138	-0.499182	0.0662556	1.97078	1.48505	-0.373868	0.498194	-1.38026	-0.19934	0.139633	2.15143	1.4379	-0.69156	0.537292	-1.23712	0.115285	0.216397	2.34062	1.38837	-1.02216	0.578175	-1.09086	0.400103	0.285785	2.51229	1.34305	-1.32054	0.617893	-0.959716	0.714637	0.362671	2.70111	1.29319	-1.64974	0.657466	-0.81463	1.01476	0.435738	2.8822	1.24563	-1.96429	0.698095	-0.677064	1.27613	0.487553	3.00528	1.21328	-2.18111	0.726036	-0.579021	1.35351	0.495789	3.02619	1.20802	-2.21796	0.730216	-0.563104	1.35646	0.495792	3.02636	1.20809	-2.21774	0.730124	-0.562965	1.3565	0.495785	3.02637	1.20809	-2.21776	0.730106	-0.562978
r	SBLConfigDefault	1	2	1	9	1.3565	0.495784	3.02637	1.20809	-2.21776	0.730106	-0.562977	1.30478	0.468636	3.02848	1.23715	-2.15663	0.786611	-0.531979	1.08608	0.380279	3.03572	1.33165	-1.95894	0.966388	-0.431962	0.787494	0.285133	3.04337	1.43183	-1.74865	1.15963	-0.325631	0.487506	0.189926	3.05068	1.53211	-1.53847	1.35256	-0.21868	0.282626	0.143276	3.05418	1.57958	-1.43843	1.44199	-0.169804	0.25157	0.144257	3.05418	1.5784	-1.44093	1.44224	-0.16971	0.250563	0.144256	3.05418	1.5784	-1.44093	1.44212	-0.169716	0.250528	0.144258	3.05418	1.57841	-1.44092	1.44215	-0.169713
r	SBLConfigDefault	2	0	1	8	-1.69004	-0.400055	1.72007	0.950094	0.229958	1.60993	-1.25992	-1.65599	-0.375444	1.70965	1.00093	0.234787	1.51402	-1.29307	-1.53466	-0.296097	1.67541	1.16588	0.250534	1.20402	-1.39932	-1.30926	-0.186166	1.6294	1.38888	0.272432	0.783707	-1.54383	-1.10998	-0.10752	1.59622	1.54462	0.286429	0.491224	-1.64443	-1.03894	-0.0868322	1.58919	1.58556	0.291286	0.413307	-1.6709	-1.03547	-0.0867417	1.58813	1.58548	0.290826	0.413057	-1.67093	-1.03542	-0.0868408	1.58851	1.58551	0.29099	0.413227	-1.67092
r	SBLConfigDefault	2	1	1	13	-1.03542	-0.0868157	1.58846	1.58551	0.290969	0.413206	-1.67092	-1.00233	-0.0897955	1.58933	1.57344	0.366691	0.401643	-1.57556	-0.876391	-0.0997843	1.59301	1.53291	0.624299	0.362572	-1.25218	-0.667628	-0.111702	1.59727	1.48277	0.939462	0.315256	-0.853194	-0.454335	-0.124057	1.60143	1.432	1.25651	0.267165	-0.452083	-0.241175	-0.136057	1.60592	1.38203	1.5759	0.218377	-0.0526927	-0.0280472	-0.148379	1.6096	1.3314	1.8898	0.171604	0.346838	0.1852	-0.160577	1.61419	1.28139	2.20874	0.122892	0.748348	0.3985	-0.17259	1.61861	1.23121	2.52687	0.0748674	1.14834	0.61191	-0.184993	1.62237	1.1811	2.84127	0.0266135	1.54649	0.78049	-0.191761	1.62523	1.15251	3.02412	-0.000673277	1.7774	0.826633	-0.193222	1.62556	1.14672	3.059	-0.00595776	1.82247	0.827504	-0.193204	1.62554	1.14669	3.059	-0.00592381	1.82244
r	SBLConfigDefault	2	2	1	21	0.827511	-0.193205	1.62554	1.14669	3.059	-0.00592317	1.82244	0.80841	-0.224216	1.54929	1.14728	3.00418	0.00696581	1.7568	0.738351	-0.339166	1.26483	1.14993	2.7987	0.0517471	1.511	0.640175	-0.462597	0.964866	1.15115	2.5846	0.100899	1.25345	0.541859	-0.586552	0.664951	1.15329	2.37113	0.150115	0.996501	0.443375	-0.710685	0.36314	1.15553	2.15505	0.197943	0.737126	0.345055	-0.833644	0.0656967	1.1576	1.94313	0.246179	0.482317	0.262469	-0.92158	-0.234631	1.16784	1.6846	0.323867	0.254082	0.203439	-0.993762	-0.534863	1.18048	1.40394	0.412516	0.0345009	0.15004	-1.04899	-0.834834	1.19743	1.1036	0.513215	-0.170357	0.117681	-1.08512	-1.13429	1.2176	0.780887	0.628634	-0.360808	0.114997	-1.07263	-1.413	1.24621	0.422131	0.771959	-0.502725	0.159777	-1.01042	-1.6777	1.28413	0.0216232	0.94611	-0.598418	0.224211	-0.906185	-1.89797	1.32666	-0.378095	1.13101	-0.636517	0.30581	-0.796239	-2.09828	1.36907	-0.759395	1.31132	-0.65823	0.436067	-0.59603	-2.2087	1.42135	-1.14319	1.51694	-0.565063	0.592278	-0.38896	-2.3272	1.47555	-1.54446	1.73106	-0.469538	0.749878	-0.182575	-2.44549	1.52961	-1.94333	1.94509	-0.376234	0.864011	-0.0736861	-2.50552	1.55702	-2.1466	2.05269	-0.327485	0.890003	-0.0567682	-2.51485	1.56113	-2.17751	2.07047	-0.320422	0.890685	-0.0567762	-2.51481	1.5612	-2.17742	2.07064	-0.320421
r	SBLConfigDefault	3	0	1	8	-1.69008	-0.400097	1.71998	0.950047	0.229983	1.61006	-1.26004	-1.65763	-0.376367	1.70994	0.999147	0.234718	1.51742	-1.29187	-1.52968	-0.293336	1.67415	1.17046	0.250598	1.19602	-1.40305	-1.31478	-0.188115	1.63045	1.38288	0.270893	0.796298	-1.54065	-1.11381	-0.107626	1.5979	1.54377	0.286361	0.494114	-1.64437	-1.0395	-0.0855526	1.58886	1.58601	0.290722	0.413539	-1.67291	-1.03576	-0.0857092	1.5885	1.58622	0.290607	0.413485	-1.67281	-1.03571	-0.085764	1.58886	1.58624	0.290771	0.413642	-1.67279
r	SBLConfigDefault	3	1	1	13	-1.0357	-0.0857392	1.58877	1.58624	0.290735	0.413609	-1.67279	-1.00289	-0.0887696	1.58973	1.57443	0.365793	0.401765	-1.57819	-0.877098	-0.098422	1.5937	1.53342	0.621813	0.363166	-1.25454	-0.668244	-0.110608	1.59756	1.48308	0.940156	0.315195	-0.854754	-0.455131	-0.122806	1.60192	1.43267	1.2572	0.266607	-0.453955	-0.24166	-0.134764	1.60663	1.38164	1.575	0.218283	-0.0516861	-0.0289241	-0.147202	1.61051	1.33244	1.89	0.171071	0.342315	0.184443	-0.159235	1.61512	1.28169	2.20738	0.122651	0.745444	0.397869	-0.171415	1.61955	1.23103	2.52673	0.0742059	1.14657	0.611346	-0.183464	1.62382	1.18098	2.8415	0.0262617	1.5454	0.780189	-0.190567	1.62623	1.15219	3.02413	-0.00165525	1.77586	0.826533	-0.191977	1.62667	1.14646	3.059	-0.00705094	1.82058	0.827423	-0.191959	1.62664	1.14643	3.059	-0.007013	1.82056
r	SBLConfigDefault	3	2	1	9	0.82743	-0.19196	1.62664	1.14643	3.059	-0.00701235	1.82056	0.802273	-0.175209	1.69375	1.16977	2.99307	-0.0756939	1.88037	0.687178	-0.105418	1.98044	1.26915	2.71162	-0.367586	2.13592	0.525344	-0.0309811	2.27982	1.3729	2.41537	-0.67068	2.40518	0.363357	0.0439731	2.58094	1.4757	2.12088	-0.979322	2.66748	0.202017	0.109852	2.83935	1.56522	1.86171	-1.24041	2.90373	0.145771	0.12304	2.89158	1.5843	1.81053	-1.29314	2.95318	0.144041	0.122985	2.89161	1.58452	1.81083	-1.29351	2.95323	0.143987	0.122982	2.89161	1.58452	1.81083	-1.29352	2.95323
r	SBLConfigDefault	4	0	1	8	-1.69009	-0.399915	1.7199	0.949941	0.229953	1.61003	-1.26	-1.65606	-0.3754	1.70945	1.00079	0.234964	1.51437	-1.29299	-1.52486	-0.290784	1.67277	1.17553	0.25096	1.18628	-1.40627	-1.30927	-0.185982	1.62911	1.38709	0.271653	0.787833	-1.54391	-1.10989	-0.107523	1.59604	1.54363	0.286551	0.494474	-1.6465	-1.03895	-0.0864033	1.58862	1.58523	0.291299	0.414415	-1.67301	-1.03532	-0.0864499	1.58799	1.58529	0.291135	0.414421	-1.67293	-1.03527	-0.0865236	1.58838	1.58532	0.291311	0.4146	-1.67291
r	SBLConfigDefault	4	1	1	11	-1.03526	-0.0864974	1.5883	1.58531	0.291277	0.41457	-1.67291	-0.990634	-0.095306	1.58451	1.56756	0.207961	0.395922	-1.58379	-0.797538	-0.127184	1.57121	1.50255	-0.0950531	0.328218	-1.25733	-0.516076	-0.162044	1.55607	1.43228	-0.426283	0.251779	-0.906343	-0.216325	-0.198839	1.54058	1.35845	-0.773179	0.173759	-0.535174	0.0837649	-0.235811	1.52474	1.28405	-1.11926	0.0954775	-0.164998	0.383798	-0.272582	1.50911	1.20997	-1.46535	0.0173108	0.205411	0.676906	-0.306487	1.49592	1.1429	-1.77761	-0.0542242	0.537691	0.819689	-0.315386	1.49112	1.12494	-1.86293	-0.0736431	0.629829	0.830937	-0.31547	1.49118	1.12463	-1.86313	-0.0735561	0.62965	0.831054	-0.315476	1.49118	1.12463	-1.86313	-0.0735553	0.629647
r	SBLConfigDefault	4	2	1	18	0.831056	-0.315475	1.49118	1.12463	-1.86313	-0.0735526	0.629647	0.818745	-0.311138	1.4908	1.12036	-1.83509	-0.0770863	0.632137	0.761268	-0.286062	1.49233	1.09681	-1.66374	-0.10366	0.648116	0.57742	-0.230122	1.50021	1.04652	-1.27998	-0.165153	0.690721	0.389464	-0.175137	1.545	1.02302	-0.887949	-0.247669	0.787856	0.215338	-0.117956	1.6036	1.00502	-0.473047	-0.338399	0.908002	0.0507084	-0.0641861	1.6634	0.991546	-0.0733382	-0.425029	1.02783	-0.109981	-0.0114875	1.72444	0.978111	0.318482	-0.51359	1.15008	-0.269279	0.0419929	1.78849	0.96956	0.707002	-0.602409	1.27756	-0.395463	0.0892157	1.90363	0.997402	1.09467	-0.714298	1.47859	-0.459069	0.116654	1.98767	1.02503	1.32253	-0.788707	1.6211	-0.419094	0.126541	2.15346	1.12128	1.49333	-0.888712	1.8789	-0.304596	0.13313	2.40213	1.2739	1.69139	-1.03351	2.26215	-0.133375	0.126228	2.65335	1.44033	1.80845	-1.165	2.64072	0.0514612	0.114985	2.82238	1.5598	1.83921	-1.24872	2.89543	0.109362	0.112639	2.8563	1.58309	1.84528	-1.2631	2.9454	0.112237	0.112871	2.85628	1.58291	1.84512	-1.26301	2.94542	0.112326	0.112878	2.85628	1.5829	1.84511	-1.26301	2.94542
