% set_pose_nothing_a_wp  right_arm  basic_scene %
% right-left-both	planner_name	iteration	num_goal_pose	motion_success	num_saved_position	joint_values_starting_from_shoulder2end-effector %
r	BKPIECEConfigDefault	0	0	1	8	-1.69002	-0.400019	1.72006	0.949995	0.229904	1.6101	-1.26006	-1.63683	-0.372137	1.68434	0.949888	0.23904	1.56893	-1.30923	-1.41915	-0.282566	1.5712	0.949837	0.26757	1.4387	-1.46422	-1.12091	-0.185947	1.45013	0.949747	0.297455	1.29941	-1.62994	-0.856182	-0.117033	1.3664	0.950229	0.319963	1.20336	-1.7458	-0.775127	-0.103998	1.35039	0.950206	0.322379	1.18585	-1.76654	-0.772967	-0.104301	1.35075	0.950017	0.322713	1.18559	-1.76665	-0.772946	-0.104276	1.35069	0.950029	0.322656	1.1856	-1.76664
r	BKPIECEConfigDefault	0	1	1	6	-0.772946	-0.104277	1.3507	0.950028	0.322661	1.1856	-1.76664	-0.737755	-0.119832	1.36237	1.02531	0.330118	1.18042	-1.75736	-0.51077	-0.183035	1.41109	1.30929	0.366621	1.15338	-1.7223	-0.327255	-0.207741	1.4282	1.41352	0.378228	1.14205	-1.71023	-0.314625	-0.207639	1.42875	1.41444	0.379359	1.14484	-1.70947	-0.314328	-0.207637	1.42858	1.41458	0.379175	1.14516	-1.70938
r	BKPIECEConfigDefault	0	2	1	8	-0.314336	-0.207651	1.42863	1.4146	0.379223	1.14525	-1.70937	-0.261108	-0.231441	1.4214	1.39292	0.417689	1.06253	-1.72285	-0.0487453	-0.304804	1.39964	1.32687	0.535798	0.809664	-1.7637	0.248929	-0.386066	1.37564	1.25346	0.665025	0.53087	-1.8106	0.549183	-0.467498	1.35159	1.18013	0.793782	0.251981	-1.85602	0.747952	-0.504806	1.34228	1.14948	0.850238	0.133931	-1.87632	0.778694	-0.504347	1.34132	1.14924	0.850225	0.132371	-1.8763	0.779182	-0.504351	1.34134	1.14922	0.850233	0.132375	-1.8763
r	BKPIECEConfigDefault	0	3	1	8	0.779189	-0.504351	1.34134	1.14922	0.850233	0.132375	-1.8763	0.726311	-0.542967	1.36347	1.19604	0.88121	0.177971	-1.86374	0.512735	-0.663449	1.4333	1.33816	0.975836	0.318839	-1.82521	0.230186	-0.790448	1.50446	1.48725	1.07406	0.46455	-1.78396	-0.0577061	-0.90657	1.56741	1.62237	1.16163	0.595861	-1.74862	-0.191343	-0.942401	1.58829	1.66183	1.18985	0.636295	-1.7381	-0.203122	-0.942332	1.58841	1.66126	1.19039	0.635845	-1.7382	-0.203567	-0.942336	1.58838	1.66128	1.19035	0.635813	-1.73821
r	BKPIECEConfigDefault	0	4	1	7	-0.203586	-0.942337	1.58838	1.66128	1.19035	0.635815	-1.73821	-0.23802	-0.951893	1.57028	1.62272	1.1837	0.726391	-1.69351	-0.374923	-0.986367	1.50319	1.47912	1.15943	1.06091	-1.52864	-0.59735	-1.02614	1.42821	1.31603	1.13797	1.44469	-1.34404	-0.734812	-1.04356	1.39591	1.24595	1.12535	1.60897	-1.26392	-0.75754	-1.04389	1.39538	1.24444	1.12515	1.61288	-1.26209	-0.758383	-1.04387	1.39539	1.24441	1.1253	1.61292	-1.26208
r	BKPIECEConfigDefault	1	0	1	8	-1.68998	-0.400035	1.71992	0.950023	0.23007	1.61009	-1.25996	-1.63579	-0.371677	1.68358	0.949972	0.239105	1.56786	-1.30966	-1.4159	-0.281841	1.56956	0.949973	0.267565	1.43577	-1.46603	-1.11761	-0.185397	1.44876	0.95038	0.297681	1.29693	-1.63107	-0.854188	-0.117449	1.36539	0.951142	0.32025	1.20069	-1.74637	-0.774927	-0.105035	1.35038	0.950935	0.322416	1.1841	-1.76554	-0.772936	-0.105278	1.35053	0.950817	0.322529	1.18397	-1.76559	-0.772917	-0.105248	1.35048	0.950829	0.322486	1.18399	-1.76558
r	BKPIECEConfigDefault	1	1	1	6	-0.772917	-0.10525	1.35049	0.950828	0.322492	1.18399	-1.76558	-0.736419	-0.121842	1.36276	1.0309	0.331357	1.18003	-1.75537	-0.506027	-0.185214	1.4117	1.31392	0.367079	1.15186	-1.72098	-0.32681	-0.209064	1.42798	1.41553	0.378434	1.14039	-1.70858	-0.314817	-0.209106	1.4288	1.41594	0.379695	1.14208	-1.70822	-0.314553	-0.209019	1.42862	1.41604	0.379528	1.14224	-1.70816
r	BKPIECEConfigDefault	1	2	1	8	-0.314545	-0.209027	1.42862	1.41605	0.379527	1.14227	-1.70816	-0.26052	-0.233456	1.42052	1.39361	0.418367	1.05903	-1.72101	-0.0476657	-0.3074	1.39736	1.32631	0.534189	0.809428	-1.75925	0.250321	-0.390728	1.36988	1.25163	0.665472	0.532207	-1.80378	0.550487	-0.47335	1.34331	1.17735	0.794013	0.258121	-1.84729	0.750554	-0.511532	1.33284	1.14515	0.849877	0.139063	-1.86582	0.781719	-0.511009	1.33201	1.14524	0.849952	0.137645	-1.86562	0.782217	-0.511008	1.33202	1.14522	0.849958	0.137644	-1.86562
r	BKPIECEConfigDefault	1	3	1	8	0.782224	-0.511009	1.33202	1.14522	0.849958	0.137644	-1.86562	0.729088	-0.549405	1.35513	1.19253	0.88026	0.183604	-1.85376	0.513689	-0.669014	1.42695	1.33609	0.976009	0.324301	-1.81784	0.216304	-0.800503	1.5035	1.49316	1.08048	0.476652	-1.77984	-0.0681656	-0.91175	1.56786	1.6226	1.16688	0.602753	-1.74698	-0.192071	-0.943827	1.58551	1.66037	1.19025	0.638713	-1.73841	-0.202301	-0.943912	1.58624	1.66003	1.19094	0.639394	-1.73829	-0.202689	-0.943908	1.58625	1.65998	1.19099	0.639367	-1.73829
r	BKPIECEConfigDefault	1	4	1	7	-0.202704	-0.943908	1.58625	1.65998	1.19099	0.639364	-1.73829	-0.237928	-0.953406	1.56779	1.62078	1.18464	0.731394	-1.69323	-0.37797	-0.987195	1.5022	1.477	1.16256	1.06737	-1.52988	-0.600111	-1.02685	1.42471	1.31377	1.13786	1.45384	-1.34208	-0.735673	-1.0439	1.39287	1.24524	1.12758	1.6137	-1.26399	-0.756935	-1.04404	1.39286	1.24493	1.12761	1.61461	-1.26354	-0.757738	-1.04402	1.3929	1.2449	1.12775	1.61467	-1.26353
r	BKPIECEConfigDefault	2	0	1	8	-1.69005	-0.400053	1.72002	0.949951	0.230099	1.61001	-1.26	-1.64147	-0.373899	1.68651	0.949643	0.238844	1.571	-1.30603	-1.43091	-0.28642	1.57579	0.949103	0.266149	1.44526	-1.45747	-1.14842	-0.194701	1.46078	0.948764	0.293976	1.31441	-1.61439	-0.871449	-0.119503	1.36908	0.948094	0.317012	1.20928	-1.7401	-0.77523	-0.104214	1.35008	0.947989	0.322495	1.18724	-1.76676	-0.772057	-0.104098	1.35025	0.947983	0.322814	1.18753	-1.7667	-0.772019	-0.104129	1.35028	0.947973	0.322831	1.18751	-1.76671
r	BKPIECEConfigDefault	2	1	1	6	-0.772018	-0.104125	1.35027	0.947973	0.322826	1.18751	-1.76671	-0.736673	-0.11985	1.36207	1.02393	0.330754	1.18285	-1.75708	-0.5249	-0.180064	1.4087	1.29391	0.364845	1.15606	-1.72476	-0.330202	-0.207895	1.42883	1.41458	0.380768	1.14118	-1.71039	-0.314882	-0.207737	1.42857	1.41493	0.380218	1.14389	-1.70986	-0.314586	-0.207713	1.42837	1.41509	0.380004	1.14427	-1.70975
r	BKPIECEConfigDefault	2	2	1	8	-0.314592	-0.207728	1.42842	1.41512	0.38005	1.14436	-1.70974	-0.260455	-0.232282	1.42047	1.39303	0.419279	1.06176	-1.72323	-0.0466725	-0.307264	1.39647	1.32563	0.538508	0.808831	-1.76371	0.251114	-0.389905	1.37045	1.25163	0.667466	0.531459	-1.80719	0.55084	-0.472877	1.34451	1.17844	0.797606	0.255991	-1.8516	0.750505	-0.510768	1.33414	1.14645	0.852931	0.13779	-1.87031	0.781292	-0.510272	1.33326	1.14647	0.852967	0.136235	-1.8702	0.781782	-0.510274	1.33328	1.14645	0.852974	0.136236	-1.8702
r	BKPIECEConfigDefault	2	3	1	8	0.781789	-0.510275	1.33328	1.14645	0.852974	0.136237	-1.8702	0.727165	-0.549618	1.35619	1.19424	0.885096	0.182873	-1.85851	0.496342	-0.677788	1.43055	1.34675	0.986462	0.332921	-1.81956	0.198295	-0.811217	1.50689	1.50286	1.09151	0.4867	-1.77955	-0.0702782	-0.916393	1.56581	1.6234	1.17428	0.605123	-1.74983	-0.192868	-0.948488	1.58283	1.66102	1.19706	0.640976	-1.74071	-0.203012	-0.948567	1.58354	1.66065	1.19777	0.641614	-1.74059	-0.203397	-0.948563	1.58355	1.6606	1.19782	0.641586	-1.7406
r	BKPIECEConfigDefault	2	4	1	7	-0.203411	-0.948563	1.58354	1.6606	1.19782	0.641583	-1.7406	-0.238486	-0.958234	1.56492	1.62162	1.19175	0.732691	-1.69558	-0.376931	-0.993284	1.4953	1.47743	1.16725	1.07105	-1.52851	-0.599153	-1.03347	1.41851	1.31432	1.14446	1.45388	-1.34249	-0.73484	-1.05083	1.38608	1.24553	1.13392	1.61566	-1.26426	-0.756228	-1.05094	1.38602	1.24523	1.13397	1.61686	-1.26368	-0.757036	-1.05092	1.38607	1.24519	1.13412	1.61692	-1.26368
r	BKPIECEConfigDefault	3	0	1	8	-1.69007	-0.400079	1.72006	0.950039	0.22995	1.61008	-1.25999	-1.63852	-0.372807	1.68523	0.949864	0.238914	1.56915	-1.3078	-1.42364	-0.284085	1.57296	0.950284	0.267208	1.43934	-1.46175	-1.14052	-0.192237	1.45807	0.951026	0.29599	1.30679	-1.61996	-0.867628	-0.119204	1.36881	0.951742	0.318401	1.20446	-1.74294	-0.776494	-0.104585	1.35037	0.951928	0.322124	1.18388	-1.76717	-0.773686	-0.104708	1.35085	0.951805	0.322702	1.18389	-1.76721	-0.773652	-0.104719	1.35083	0.951799	0.32267	1.18386	-1.76722
r	BKPIECEConfigDefault	3	1	1	6	-0.773652	-0.104716	1.35083	0.9518	0.322669	1.18386	-1.76722	-0.735582	-0.121978	1.36393	1.03424	0.332057	1.18088	-1.75589	-0.500543	-0.186427	1.41283	1.31853	0.367018	1.15508	-1.72008	-0.325463	-0.208891	1.42777	1.41536	0.37812	1.14471	-1.70727	-0.314113	-0.20909	1.42878	1.41468	0.379041	1.14424	-1.70766	-0.31383	-0.20902	1.42871	1.41461	0.378999	1.144	-1.70771
r	BKPIECEConfigDefault	3	2	1	8	-0.313812	-0.20902	1.42869	1.4146	0.378972	1.14394	-1.70772	-0.260519	-0.232907	1.42121	1.39234	0.417047	1.0599	-1.72085	-0.048162	-0.306185	1.3995	1.32602	0.53407	0.807623	-1.7619	0.249366	-0.387586	1.37474	1.25299	0.663225	0.529055	-1.80658	0.549502	-0.468894	1.35074	1.17994	0.791439	0.252416	-1.85259	0.748588	-0.506242	1.34106	1.14905	0.848137	0.134057	-1.87199	0.779316	-0.505759	1.34011	1.14878	0.847923	0.132223	-1.87216	0.779803	-0.505763	1.34013	1.14876	0.847932	0.132227	-1.87216
r	BKPIECEConfigDefault	3	3	0	0
r	BKPIECEConfigDefault	3	4	1	10	0.77981	-0.505764	1.34013	1.14876	0.847931	0.132228	-1.87216	0.726376	-0.506995	1.3779	1.15466	0.820924	0.205551	-1.81801	0.509589	-0.511193	1.49559	1.17347	0.73613	0.435772	-1.64843	0.211144	-0.51538	1.62306	1.19293	0.642745	0.683184	-1.46257	-0.0888146	-0.519717	1.75	1.21312	0.54979	0.931232	-1.27803	-0.388863	-0.524197	1.87671	1.23296	0.4576	1.17822	-1.09489	-0.625599	-0.526892	1.95301	1.24487	0.400638	1.32675	-0.982743	-0.68465	-0.527273	1.96105	1.24605	0.396547	1.34142	-0.972321	-0.686776	-0.527063	1.96065	1.246	0.396267	1.34134	-0.972318	-0.686869	-0.527084	1.96068	1.246	0.396301	1.34133	-0.972318
r	BKPIECEConfigDefault	4	0	1	8	-1.68993	-0.399958	1.71997	0.949983	0.230021	1.61	-1.26002	-1.63759	-0.372174	1.68469	0.94961	0.239038	1.56892	-1.30881	-1.42043	-0.283232	1.57215	0.948594	0.265964	1.44168	-1.46064	-1.13741	-0.191085	1.45679	0.948209	0.296105	1.30968	-1.62076	-0.86497	-0.117814	1.36807	0.947831	0.318257	1.20771	-1.74186	-0.774607	-0.103638	1.34998	0.947697	0.322261	1.18786	-1.76614	-0.771921	-0.103775	1.35043	0.947535	0.322769	1.18771	-1.76622	-0.77189	-0.103782	1.3504	0.947532	0.322737	1.1877	-1.76622
r	BKPIECEConfigDefault	4	1	1	6	-0.77189	-0.10378	1.3504	0.947532	0.322736	1.1877	-1.76622	-0.735858	-0.120166	1.36254	1.02672	0.331532	1.18196	-1.75597	-0.50889	-0.183809	1.41124	1.31305	0.367995	1.14391	-1.72189	-0.329709	-0.208212	1.4291	1.41482	0.380199	1.14067	-1.71039	-0.315081	-0.208077	1.4288	1.41543	0.379865	1.14322	-1.7097	-0.314808	-0.208056	1.42862	1.41561	0.379668	1.14364	-1.70959
r	BKPIECEConfigDefault	4	2	1	8	-0.314816	-0.20807	1.42866	1.41564	0.379711	1.14374	-1.70957	-0.261788	-0.231982	1.4211	1.39372	0.41814	1.06144	-1.72262	-0.0497917	-0.305866	1.39809	1.32666	0.536827	0.809502	-1.76424	0.247528	-0.387595	1.37303	1.25383	0.667144	0.533041	-1.80939	0.547614	-0.469483	1.34818	1.1798	0.79538	0.258131	-1.85412	0.748329	-0.507689	1.33797	1.1476	0.852321	0.137434	-1.87446	0.779592	-0.507194	1.33715	1.14762	0.852429	0.136102	-1.87423	0.78009	-0.507193	1.33717	1.1476	0.852435	0.136101	-1.87423
r	BKPIECEConfigDefault	4	3	1	8	0.780097	-0.507194	1.33717	1.1476	0.852435	0.136101	-1.87423	0.72591	-0.546743	1.35974	1.19511	0.884553	0.182411	-1.8615	0.509789	-0.668582	1.42816	1.34062	0.980024	0.327086	-1.82451	0.213003	-0.802836	1.50533	1.49476	1.087	0.478477	-1.78267	-0.071062	-0.914838	1.56685	1.6238	1.17253	0.605287	-1.74997	-0.192871	-0.946818	1.58337	1.66112	1.19523	0.64058	-1.74049	-0.202863	-0.946895	1.58411	1.66072	1.19597	0.641238	-1.74037	-0.20324	-0.946891	1.58412	1.66067	1.19603	0.641208	-1.74037
r	BKPIECEConfigDefault	4	4	1	7	-0.203255	-0.946891	1.58411	1.66067	1.19603	0.641204	-1.74037	-0.237629	-0.956448	1.56578	1.62226	1.18975	0.731519	-1.69634	-0.375981	-0.990869	1.49916	1.48016	1.16831	1.0653	-1.53321	-0.597484	-1.03128	1.42123	1.31495	1.14198	1.45106	-1.3453	-0.73585	-1.04912	1.38872	1.24555	1.13171	1.61561	-1.26432	-0.757344	-1.04911	1.38886	1.24554	1.13198	1.61622	-1.26441	-0.758155	-1.04909	1.38891	1.2455	1.13213	1.61628	-1.26441
r	ESTConfigDefault	0	0	1	8	-1.69	-0.400078	1.7199	0.949972	0.229925	1.60996	-1.25999	-1.6358	-0.371752	1.68373	0.950016	0.239218	1.56813	-1.30962	-1.4163	-0.281648	1.57007	0.94935	0.268327	1.43709	-1.46615	-1.11808	-0.184958	1.44889	0.949738	0.298365	1.29941	-1.63306	-0.854559	-0.116683	1.36568	0.949845	0.320372	1.20392	-1.7474	-0.774887	-0.103993	1.35036	0.949716	0.322708	1.18702	-1.76759	-0.772827	-0.104266	1.35059	0.949561	0.322904	1.1868	-1.76768	-0.772808	-0.104237	1.35054	0.949573	0.322854	1.18682	-1.76767
r	ESTConfigDefault	0	1	1	6	-0.772808	-0.104239	1.35055	0.949572	0.32286	1.18682	-1.76767	-0.736224	-0.120708	1.36275	1.02858	0.33138	1.18326	-1.75744	-0.507185	-0.184567	1.41168	1.31526	0.368449	1.15399	-1.7217	-0.327107	-0.207923	1.42731	1.41592	0.379071	1.14312	-1.70908	-0.315093	-0.208096	1.42845	1.41553	0.38044	1.14343	-1.70924	-0.314804	-0.208003	1.42832	1.41551	0.380335	1.14331	-1.70925
r	ESTConfigDefault	0	2	1	8	-0.314788	-0.208007	1.42831	1.41551	0.380312	1.14327	-1.70926	-0.261163	-0.232021	1.42085	1.39353	0.41882	1.06012	-1.72256	-0.0481526	-0.305944	1.39855	1.32608	0.536796	0.807154	-1.76487	0.249418	-0.387779	1.37358	1.2531	0.666086	0.530858	-1.81001	0.548959	-0.469363	1.34947	1.18019	0.79453	0.255561	-1.85458	0.748904	-0.507218	1.33933	1.14847	0.850855	0.135291	-1.87495	0.779657	-0.506705	1.33849	1.14835	0.851069	0.133908	-1.87471	0.780145	-0.506705	1.33851	1.14833	0.851075	0.133908	-1.87471
r	ESTConfigDefault	0	3	1	8	0.780152	-0.506706	1.33851	1.14833	0.851075	0.133909	-1.87471	0.731948	-0.543203	1.35946	1.19257	0.880277	0.176779	-1.86315	0.525046	-0.660223	1.42666	1.33195	0.973409	0.312686	-1.82506	0.228308	-0.793505	1.50276	1.48769	1.07725	0.467394	-1.78419	-0.0591688	-0.909223	1.56576	1.62238	1.16506	0.597844	-1.74903	-0.191537	-0.944566	1.58646	1.66158	1.19209	0.638125	-1.73829	-0.202982	-0.94451	1.58673	1.66078	1.19293	0.637738	-1.73836	-0.203519	-0.94452	1.58673	1.66086	1.19286	0.637779	-1.73835
r	ESTConfigDefault	0	4	1	7	-0.203543	-0.944521	1.58673	1.66086	1.19285	0.637784	-1.73835	-0.237204	-0.953869	1.56886	1.62319	1.18571	0.726282	-1.69371	-0.37399	-0.987257	1.50367	1.48255	1.16568	1.05649	-1.5345	-0.59471	-1.0277	1.42486	1.31639	1.13887	1.44367	-1.34457	-0.734105	-1.04526	1.39283	1.24679	1.12874	1.61011	-1.26503	-0.757238	-1.04563	1.39203	1.245	1.12857	1.61431	-1.26274	-0.7581	-1.04561	1.39202	1.24498	1.12866	1.61431	-1.26274
r	ESTConfigDefault	1	0	1	8	-1.68998	-0.400016	1.72001	0.950087	0.229926	1.60998	-1.26007	-1.64103	-0.373683	1.68633	0.950077	0.238539	1.57058	-1.3067	-1.41559	-0.281839	1.56999	0.950513	0.268301	1.43558	-1.46668	-1.1324	-0.189938	1.45392	0.951468	0.295572	1.30428	-1.62361	-0.862758	-0.118914	1.36761	0.951918	0.31871	1.20378	-1.74428	-0.775856	-0.105002	1.34993	0.952049	0.321919	1.18401	-1.767	-0.773355	-0.105251	1.35045	0.951862	0.322483	1.18383	-1.7671	-0.773326	-0.105245	1.35041	0.951864	0.32243	1.18382	-1.7671
r	ESTConfigDefault	1	1	1	6	-0.773326	-0.105243	1.35041	0.951864	0.322433	1.18382	-1.7671	-0.737302	-0.121295	1.3625	1.02914	0.330651	1.17957	-1.75745	-0.508705	-0.18462	1.41157	1.3141	0.366719	1.15281	-1.72204	-0.330262	-0.208916	1.42918	1.41606	0.379969	1.14061	-1.71049	-0.315259	-0.208742	1.42903	1.41642	0.379577	1.14278	-1.71008	-0.314965	-0.20871	1.42881	1.41657	0.379343	1.1431	-1.70998
r	ESTConfigDefault	1	2	1	8	-0.31497	-0.208726	1.42886	1.4166	0.379389	1.14319	-1.70997	-0.258922	-0.233066	1.4218	1.39387	0.418728	1.05764	-1.72407	-0.0419626	-0.307484	1.39939	1.32595	0.538369	0.800718	-1.76616	0.255846	-0.388495	1.37545	1.25252	0.666633	0.523061	-1.81123	0.55572	-0.469339	1.35171	1.17916	0.794224	0.245591	-1.85624	0.750181	-0.504597	1.34288	1.15032	0.848441	0.134135	-1.8745	0.778599	-0.504182	1.3419	1.1495	0.84785	0.13247	-1.87517	0.779039	-0.504195	1.34193	1.14948	0.84786	0.132481	-1.87516
r	ESTConfigDefault	1	3	1	14	0.779046	-0.504195	1.34193	1.14948	0.847859	0.132481	-1.87516	0.761476	-0.503089	1.35571	1.16322	0.755336	0.12138	-1.78032	0.708657	-0.499522	1.40199	1.20921	0.443843	0.0852297	-1.4619	0.622092	-0.494689	1.45992	1.26589	0.0512268	0.0391382	-1.05992	0.533766	-0.490014	1.51743	1.32291	-0.339195	-0.00726215	-0.659925	0.44542	-0.485315	1.57512	1.37934	-0.729702	-0.0525764	-0.259949	0.357112	-0.480706	1.63264	1.43616	-1.1214	-0.098369	0.141657	0.26871	-0.476016	1.69026	1.49288	-1.51331	-0.144044	0.543468	0.180462	-0.471428	1.74747	1.5497	-1.90128	-0.189868	0.940673	0.0922621	-0.46682	1.80514	1.60595	-2.295	-0.235622	1.34343	0.00431076	-0.462143	1.86317	1.66248	-2.68605	-0.279824	1.74385	-0.07571	-0.458646	1.90594	1.70489	-2.9785	-0.315017	2.04407	-0.103013	-0.457608	1.91741	1.71641	-3.05895	-0.324097	2.12694	-0.103699	-0.457651	1.91744	1.71647	-3.059	-0.324186	2.12691
r	ESTConfigDefault	1	4	1	7	-0.103726	-0.457648	1.91746	1.71646	-3.059	-0.324163	2.12691	-0.13607	-0.452297	1.93535	1.67836	-3.04925	-0.410809	2.14074	-0.272645	-0.431592	2.00174	1.5318	-3.0126	-0.746253	2.1941	-0.492577	-0.407658	2.07831	1.36888	-2.96915	-1.12137	2.25394	-0.616248	-0.399833	2.10507	1.31023	-2.95489	-1.25294	2.27524	-0.629072	-0.399847	2.10494	1.31039	-2.95499	-1.25416	2.27535	-0.629475	-0.399818	2.10483	1.31042	-2.9551	-1.25425	2.27535
r	ESTConfigDefault	2	0	1	8	-1.69003	-0.399942	1.72009	0.949914	0.229992	1.61009	-1.25997	-1.64492	-0.375184	1.68822	0.950097	0.23874	1.57324	-1.30409	-1.42514	-0.284775	1.57321	0.950263	0.265817	1.44001	-1.46147	-1.14212	-0.193197	1.4584	0.950989	0.294909	1.30868	-1.61842	-0.868223	-0.120011	1.36848	0.951381	0.317703	1.20487	-1.74141	-0.775346	-0.104956	1.34998	0.95151	0.321983	1.18403	-1.76663	-0.772994	-0.10526	1.35046	0.951312	0.322468	1.1838	-1.76674	-0.772969	-0.105245	1.35042	0.951319	0.322415	1.18381	-1.76673
r	ESTConfigDefault	2	1	1	6	-0.772969	-0.105242	1.35041	0.95132	0.322412	1.18381	-1.76673	-0.736519	-0.121699	1.36302	1.0317	0.33127	1.1782	-1.75634	-0.507129	-0.185276	1.41222	1.31692	0.367073	1.1501	-1.72205	-0.327408	-0.208833	1.42802	1.41731	0.378604	1.14012	-1.71004	-0.315679	-0.208896	1.42902	1.41746	0.379918	1.14153	-1.70988	-0.315408	-0.208801	1.42885	1.41752	0.379768	1.14159	-1.70985
r	ESTConfigDefault	2	2	1	8	-0.315397	-0.208808	1.42885	1.41753	0.379759	1.14159	-1.70984	-0.261423	-0.233138	1.42092	1.395	0.418549	1.0583	-1.72303	-0.0482841	-0.307608	1.39707	1.32744	0.537178	0.807876	-1.76324	0.249476	-0.390002	1.37074	1.25299	0.666892	0.531721	-1.80729	0.549396	-0.472401	1.34496	1.17888	0.795735	0.25611	-1.85047	0.750105	-0.510684	1.33435	1.1463	0.852343	0.136142	-1.87043	0.78131	-0.510202	1.33356	1.1464	0.852684	0.135733	-1.87003	0.781812	-0.510201	1.33357	1.14638	0.852689	0.135728	-1.87003
r	ESTConfigDefault	2	3	1	8	0.78182	-0.510202	1.33357	1.14638	0.852689	0.135728	-1.87003	0.727432	-0.549665	1.3564	1.19404	0.883953	0.181908	-1.85768	0.511639	-0.670975	1.42748	1.33765	0.980566	0.32385	-1.8201	0.214366	-0.804257	1.50325	1.49373	1.08546	0.478194	-1.78108	-0.0695933	-0.91629	1.56589	1.62215	1.1723	0.603775	-1.74708	-0.192364	-0.948496	1.58295	1.66015	1.19452	0.640111	-1.73781	-0.202593	-0.948575	1.58373	1.65973	1.19531	0.640813	-1.73767	-0.202979	-0.94857	1.58374	1.65968	1.19537	0.640781	-1.73768
r	ESTConfigDefault	2	4	1	7	-0.202993	-0.94857	1.58373	1.65968	1.19537	0.640777	-1.73768	-0.237136	-0.957918	1.56551	1.62152	1.18917	0.730918	-1.69352	-0.374754	-0.991349	1.49847	1.48002	1.16829	1.06263	-1.53299	-0.606224	-1.03323	1.41652	1.30896	1.14369	1.46608	-1.33406	-0.73725	-1.04924	1.38583	1.24375	1.1336	1.62005	-1.26251	-0.755665	-1.04917	1.38612	1.24493	1.13369	1.61714	-1.26344	-0.756396	-1.04919	1.38617	1.24492	1.13372	1.61716	-1.26344
r	ESTConfigDefault	3	0	1	8	-1.69001	-0.400082	1.72004	0.949934	0.230066	1.60999	-1.25994	-1.63914	-0.373152	1.6856	0.949701	0.239483	1.56968	-1.30787	-1.425	-0.284398	1.57344	0.949456	0.267144	1.44122	-1.46087	-1.12704	-0.187783	1.4527	0.949428	0.297787	1.30312	-1.62714	-0.859564	-0.117557	1.36721	0.949651	0.31978	1.20545	-1.74532	-0.77517	-0.103836	1.35012	0.949597	0.322405	1.1864	-1.76661	-0.772828	-0.104145	1.35061	0.949386	0.322903	1.18614	-1.76673	-0.772804	-0.104127	1.35055	0.949394	0.322843	1.18614	-1.76673
r	ESTConfigDefault	3	1	1	6	-0.772804	-0.104127	1.35056	0.949394	0.322847	1.18614	-1.76673	-0.737687	-0.119871	1.36215	1.02498	0.330491	1.1806	-1.75754	-0.512852	-0.183506	1.41128	1.31094	0.366915	1.15174	-1.72271	-0.328291	-0.208786	1.42851	1.41686	0.378634	1.13915	-1.71092	-0.315743	-0.208767	1.42908	1.41743	0.379801	1.14127	-1.71034	-0.315481	-0.208685	1.42886	1.41758	0.379588	1.14154	-1.71025
r	ESTConfigDefault	3	2	1	8	-0.315479	-0.208698	1.42888	1.4176	0.379603	1.14159	-1.71024	-0.2614	-0.232477	1.42195	1.39535	0.417942	1.05843	-1.72365	-0.0478164	-0.306154	1.39958	1.32804	0.536604	0.805665	-1.76535	0.250163	-0.387008	1.37544	1.25403	0.665175	0.527734	-1.81059	0.550231	-0.46788	1.35138	1.18043	0.794123	0.250225	-1.85476	0.748594	-0.504772	1.34226	1.14933	0.848125	0.134305	-1.87421	0.778716	-0.504293	1.34137	1.14902	0.848165	0.132724	-1.87418	0.779188	-0.504296	1.34139	1.149	0.848172	0.132727	-1.87418
r	ESTConfigDefault	3	3	1	8	0.779195	-0.504297	1.34139	1.149	0.848172	0.132727	-1.87418	0.724763	-0.543528	1.36419	1.19626	0.880168	0.179678	-1.86242	0.508255	-0.66496	1.43458	1.34065	0.975412	0.322795	-1.82381	0.210664	-0.79823	1.51001	1.49701	1.0788	0.47454	-1.78079	-0.0722657	-0.909227	1.57259	1.62368	1.16486	0.600322	-1.74695	-0.192783	-0.940557	1.58844	1.66077	1.18649	0.634863	-1.73719	-0.202551	-0.940661	1.58918	1.66058	1.18703	0.635676	-1.73704	-0.202925	-0.940657	1.58919	1.66052	1.18709	0.635659	-1.73704
r	ESTConfigDefault	3	4	1	7	-0.202939	-0.940656	1.58919	1.66052	1.1871	0.635656	-1.73704	-0.238562	-0.95034	1.5709	1.62134	1.181	0.728485	-1.69228	-0.379422	-0.984501	1.50525	1.4781	1.15926	1.06397	-1.52869	-0.612285	-1.02595	1.42678	1.30765	1.13268	1.4647	-1.33248	-0.738203	-1.04161	1.39843	1.24599	1.12369	1.6102	-1.2631	-0.759431	-1.0417	1.39841	1.24575	1.12362	1.61123	-1.26262	-0.760121	-1.04172	1.39845	1.24576	1.12359	1.61123	-1.26262
r	ESTConfigDefault	4	0	1	8	-1.6901	-0.400035	1.71994	0.949914	0.230009	1.61005	-1.25992	-1.63628	-0.371881	1.68385	0.949804	0.239169	1.56823	-1.30915	-1.41679	-0.282483	1.57001	0.949879	0.267754	1.43774	-1.46493	-1.11842	-0.186197	1.44874	0.949997	0.297174	1.29831	-1.63043	-0.854485	-0.117882	1.36557	0.950453	0.319549	1.20191	-1.74626	-0.774432	-0.105294	1.35011	0.950276	0.322091	1.18483	-1.76572	-0.772408	-0.105578	1.35034	0.950142	0.322292	1.18469	-1.76579	-0.772388	-0.105547	1.35029	0.950154	0.32224	1.1847	-1.76578
r	ESTConfigDefault	4	1	1	6	-0.772388	-0.105549	1.35029	0.950154	0.322246	1.1847	-1.76578	-0.735868	-0.122084	1.36286	1.03128	0.331512	1.17908	-1.75525	-0.505318	-0.185282	1.41204	1.31604	0.367509	1.14778	-1.72078	-0.326396	-0.208719	1.42765	1.41468	0.378328	1.14267	-1.70963	-0.314411	-0.2088	1.42872	1.41505	0.379804	1.14408	-1.70937	-0.314139	-0.208696	1.42852	1.41514	0.379617	1.14418	-1.70932
r	ESTConfigDefault	4	2	0	0
r	ESTConfigDefault	4	3	1	6	-0.314129	-0.208706	1.42852	1.41515	0.379613	1.1442	-1.70932	-0.298589	-0.257221	1.46691	1.44208	0.412587	1.06632	-1.68031	-0.244167	-0.477632	1.64093	1.56224	0.561308	0.719011	-1.5502	-0.172201	-0.637136	1.75912	1.64491	0.659809	0.483415	-1.46232	-0.160344	-0.661095	1.77604	1.65727	0.674774	0.446111	-1.44905	-0.160717	-0.660969	1.77612	1.65703	0.6749	0.445858	-1.44909
r	ESTConfigDefault	4	4	1	7	-0.160721	-0.660956	1.77608	1.65702	0.674889	0.44582	-1.44909	-0.195013	-0.667489	1.77387	1.61956	0.67752	0.533996	-1.41917	-0.337099	-0.691053	1.76505	1.48082	0.688079	0.858011	-1.30883	-0.572119	-0.720028	1.7543	1.31386	0.700534	1.2488	-1.1768	-0.72354	-0.732685	1.75	1.2412	0.70631	1.41981	-1.11916	-0.750369	-0.73321	1.74946	1.23815	0.706262	1.42691	-1.11614	-0.751271	-0.73326	1.74952	1.23815	0.70629	1.42685	-1.11615
r	KPIECEConfigDefault	0	0	1	8	-1.68994	-0.399992	1.71992	0.949998	0.229958	1.6099	-1.25991	-1.63771	-0.372356	1.68482	0.95003	0.238779	1.56871	-1.30853	-1.42126	-0.28304	1.5721	0.950478	0.267027	1.4378	-1.46287	-1.12311	-0.186139	1.45079	0.951797	0.297453	1.29959	-1.63031	-0.857961	-0.11699	1.36688	0.952603	0.320002	1.20177	-1.74721	-0.776448	-0.103851	1.35073	0.95273	0.322618	1.18397	-1.76817	-0.774275	-0.104159	1.35109	0.952549	0.322956	1.18373	-1.76827	-0.774253	-0.104132	1.35104	0.95256	0.322898	1.18374	-1.76826
r	KPIECEConfigDefault	0	1	1	6	-0.774253	-0.104133	1.35104	0.95256	0.322903	1.18375	-1.76826	-0.738085	-0.120031	1.36277	1.02833	0.33124	1.18095	-1.75827	-0.508414	-0.183442	1.41212	1.31368	0.367072	1.15179	-1.72263	-0.329768	-0.207376	1.42912	1.41457	0.379517	1.13965	-1.71047	-0.315301	-0.207301	1.42911	1.41548	0.37958	1.14276	-1.70956	-0.31503	-0.207255	1.4289	1.41569	0.37935	1.14325	-1.70943
r	KPIECEConfigDefault	0	2	1	8	-0.315037	-0.20727	1.42894	1.41573	0.379388	1.14337	-1.70941	-0.261905	-0.231412	1.42112	1.39364	0.417738	1.06119	-1.72236	-0.0500518	-0.30597	1.39774	1.32636	0.535663	0.810197	-1.7622	0.247566	-0.388739	1.37135	1.25269	0.665019	0.534523	-1.80616	0.547412	-0.471338	1.34543	1.17899	0.794631	0.260051	-1.85031	0.749212	-0.510277	1.33459	1.14609	0.851423	0.137605	-1.87046	0.781009	-0.509796	1.33383	1.14638	0.851879	0.13654	-1.86986	0.781522	-0.50979	1.33384	1.14636	0.851884	0.136533	-1.86987
r	KPIECEConfigDefault	0	3	1	8	0.78153	-0.509791	1.33384	1.14636	0.851884	0.136533	-1.86987	0.73064	-0.547661	1.35578	1.19214	0.882779	0.180772	-1.85816	0.519916	-0.667	1.42518	1.33337	0.977432	0.320369	-1.82246	0.237802	-0.794084	1.49713	1.48211	1.07741	0.465698	-1.78462	-0.0514552	-0.912195	1.56179	1.61925	1.16628	0.59867	-1.74905	-0.190111	-0.949623	1.5842	1.66017	1.19643	0.641014	-1.73816	-0.202754	-0.949527	1.58391	1.66014	1.19627	0.640481	-1.73828	-0.203258	-0.949536	1.58389	1.6602	1.19619	0.640496	-1.73828
r	KPIECEConfigDefault	0	4	1	7	-0.203275	-0.949536	1.58389	1.6602	1.19619	0.640495	-1.73828	-0.23846	-0.959113	1.56503	1.62086	1.19039	0.732827	-1.69363	-0.378343	-0.993605	1.49564	1.4764	1.16901	1.07187	-1.52918	-0.599035	-1.0331	1.41762	1.31351	1.14453	1.45572	-1.34278	-0.733519	-1.05023	1.38503	1.24497	1.13458	1.61707	-1.26475	-0.75474	-1.05036	1.38483	1.24425	1.13451	1.61864	-1.26408	-0.755542	-1.05034	1.38486	1.24422	1.13466	1.6187	-1.26407
r	KPIECEConfigDefault	1	0	1	8	-1.68994	-0.400026	1.71997	0.950042	0.23007	1.61005	-1.26009	-1.63587	-0.371819	1.6835	0.950123	0.239225	1.56801	-1.30936	-1.41595	-0.281814	1.57005	0.950123	0.268155	1.43629	-1.46546	-1.11775	-0.185227	1.44854	0.950723	0.297942	1.29792	-1.63147	-0.854084	-0.117207	1.36545	0.950907	0.32009	1.20074	-1.74641	-0.77485	-0.10481	1.3504	0.950803	0.322431	1.18415	-1.76565	-0.772858	-0.105067	1.35059	0.950677	0.322583	1.18401	-1.76571	-0.772839	-0.105037	1.35054	0.950689	0.322537	1.18403	-1.7657
r	KPIECEConfigDefault	1	1	1	6	-0.772839	-0.105039	1.35055	0.950688	0.322543	1.18403	-1.7657	-0.736473	-0.121788	1.36349	1.03056	0.331592	1.17937	-1.75592	-0.50599	-0.184707	1.4118	1.31571	0.366942	1.15402	-1.72139	-0.326576	-0.208768	1.4282	1.41564	0.378248	1.14175	-1.71005	-0.31477	-0.208776	1.42893	1.41589	0.379503	1.14324	-1.70973	-0.314514	-0.208691	1.42872	1.41598	0.379307	1.14339	-1.70968
r	KPIECEConfigDefault	1	2	1	8	-0.314509	-0.208703	1.42874	1.41599	0.379314	1.14342	-1.70967	-0.25903	-0.233506	1.42065	1.39304	0.418872	1.05855	-1.72333	-0.0435863	-0.308671	1.39658	1.32504	0.538304	0.80422	-1.76356	0.254064	-0.390966	1.37078	1.2512	0.666622	0.528897	-1.80652	0.554197	-0.473209	1.34477	1.17697	0.795125	0.253666	-1.85133	0.751457	-0.510336	1.33468	1.14681	0.850205	0.138771	-1.8686	0.78107	-0.50986	1.33382	1.14629	0.850046	0.137108	-1.86882	0.781657	-0.50984	1.3338	1.14627	0.850045	0.137076	-1.86882
r	KPIECEConfigDefault	1	3	1	8	0.781664	-0.509841	1.3338	1.14627	0.850045	0.137076	-1.86882	0.72412	-0.550868	1.35784	1.19594	0.883233	0.186033	-1.85598	0.502339	-0.674395	1.42951	1.34281	0.980883	0.330161	-1.81837	0.204401	-0.808097	1.50613	1.499	1.08683	0.483164	-1.77822	-0.0768458	-0.917555	1.56823	1.62433	1.17284	0.608073	-1.7461	-0.191299	-0.947034	1.58281	1.65982	1.19251	0.6401	-1.73713	-0.201777	-0.947105	1.58372	1.65925	1.19351	0.640891	-1.73698	-0.202168	-0.947098	1.58373	1.65918	1.19359	0.640849	-1.73698
r	KPIECEConfigDefault	1	4	1	7	-0.202183	-0.947098	1.58372	1.65918	1.19359	0.640844	-1.73698	-0.23574	-0.956491	1.56602	1.62153	1.18857	0.729834	-1.69438	-0.372844	-0.990146	1.50026	1.48187	1.16731	1.05931	-1.53507	-0.594967	-1.03076	1.42241	1.31669	1.14219	1.44621	-1.34667	-0.73506	-1.0487	1.38934	1.24667	1.13219	1.61431	-1.26537	-0.757396	-1.04881	1.38909	1.2457	1.13194	1.61598	-1.2646	-0.758233	-1.04879	1.38912	1.24567	1.13209	1.61603	-1.26459
r	KPIECEConfigDefault	2	0	1	13	-1.68991	-0.400026	1.7201	0.950072	0.23001	1.61007	-1.25999	-1.66433	-0.373898	1.75409	0.952079	0.266947	1.53005	-1.17952	-1.55713	-0.265557	1.89488	0.961896	0.422852	1.19878	-0.842346	-1.38501	-0.134602	2.0624	0.9742	0.603327	0.80602	-0.440447	-1.21764	-0.00992117	2.22147	0.984034	0.779679	0.432647	-0.0593615	-1.03391	0.127523	2.39587	0.996961	0.969682	0.0208239	0.358164	-0.866477	0.252346	2.5551	1.00791	1.14564	-0.352974	0.738818	-0.689989	0.383247	2.72149	1.01895	1.32974	-0.744887	1.13705	-0.51308	0.514307	2.88876	1.03073	1.51343	-1.13921	1.53903	-0.350465	0.619615	3.01824	1.03975	1.6554	-1.44488	1.84982	-0.291873	0.642014	3.04697	1.0418	1.68672	-1.51195	1.91835	-0.289447	0.641913	3.04722	1.04188	1.68741	-1.51212	1.91848	-0.289417	0.641918	3.04721	1.04189	1.68743	-1.51221	1.9185
r	KPIECEConfigDefault	2	1	1	7	-0.289417	0.641918	3.04721	1.04189	1.68743	-1.51222	1.9185	-0.248892	0.663276	3.0247	1.11145	1.71431	-1.51327	1.97132	-0.0209324	0.743404	2.93947	1.36931	1.82725	-1.52858	2.1708	0.216045	0.793607	2.88802	1.52409	1.89543	-1.53766	2.28889	0.25817	0.796221	2.88569	1.53131	1.89808	-1.53751	2.29518	0.259302	0.796209	2.88573	1.53126	1.89799	-1.53723	2.29513	0.259333	0.796208	2.88573	1.53126	1.89799	-1.53723	2.29513
r	KPIECEConfigDefault	2	2	1	7	0.259333	0.796209	2.88573	1.53126	1.89799	-1.53723	2.29513	0.304994	0.760189	2.86483	1.50329	1.82413	-1.46424	2.34579	0.528348	0.618028	2.78451	1.39432	1.52912	-1.17186	2.51697	0.826387	0.470208	2.70121	1.28321	1.22926	-0.876782	2.6958	1.07147	0.378686	2.65118	1.21749	1.04731	-0.699069	2.80687	1.12223	0.370771	2.64747	1.21221	1.03231	-0.684059	2.8152	1.12309	0.370684	2.64759	1.21227	1.03217	-0.683835	2.8151
r	KPIECEConfigDefault	2	3	1	7	1.12309	0.370677	2.64759	1.21228	1.03217	-0.683824	2.8151	1.08976	0.378545	2.68526	1.28812	1.06843	-0.759251	2.8463	0.923343	0.402124	2.82965	1.57802	1.2146	-1.03281	2.9693	0.738318	0.419278	2.92521	1.77046	1.31167	-1.21908	3.05066	0.698998	0.420684	2.93445	1.7889	1.32149	-1.23615	3.05899	0.697817	0.420714	2.93439	1.78889	1.3215	-1.23625	3.059	0.697781	0.420715	2.93439	1.78889	1.3215	-1.23625	3.059
r	KPIECEConfigDefault	2	4	1	7	0.69778	0.420715	2.93439	1.78889	1.3215	-1.23625	3.059	0.654833	0.389223	2.94603	1.74583	1.40282	-1.27071	3.04665	0.454923	0.265337	2.99208	1.57674	1.72218	-1.40661	2.99924	0.167276	0.140144	3.03687	1.41421	2.03075	-1.53728	2.94962	0.0439679	0.11126	3.04693	1.3748	2.10558	-1.56955	2.93876	0.0356438	0.111445	3.04677	1.37468	2.1054	-1.56942	2.9387	0.0353932	0.111448	3.04677	1.37468	2.10541	-1.56941	2.9387
r	KPIECEConfigDefault	3	0	1	8	-1.69007	-0.399933	1.72007	0.950092	0.230033	1.60992	-1.26008	-1.63663	-0.371944	1.68413	0.950123	0.239237	1.5683	-1.30964	-1.41853	-0.282203	1.5707	0.950567	0.268224	1.43728	-1.46633	-1.1203	-0.18537	1.4494	0.951292	0.298355	1.2989	-1.63214	-0.856114	-0.116665	1.36627	0.951869	0.320149	1.20217	-1.7476	-0.775896	-0.103935	1.35059	0.951816	0.322618	1.18477	-1.76768	-0.773807	-0.104225	1.35088	0.951657	0.322871	1.18457	-1.76777	-0.773787	-0.104196	1.35083	0.951669	0.322818	1.18459	-1.76776
r	KPIECEConfigDefault	3	1	1	6	-0.773787	-0.104198	1.35083	0.951669	0.322823	1.18459	-1.76776	-0.73494	-0.121943	1.36455	1.03758	0.333282	1.17931	-1.75626	-0.499812	-0.18543	1.41271	1.31965	0.367964	1.15401	-1.72226	-0.326494	-0.20752	1.42792	1.41635	0.378712	1.14422	-1.70955	-0.31536	-0.207728	1.42893	1.41578	0.3797	1.14413	-1.70985	-0.315091	-0.207655	1.42885	1.41573	0.379653	1.14395	-1.70988
r	KPIECEConfigDefault	3	2	1	8	-0.315075	-0.207656	1.42883	1.41572	0.379625	1.14391	-1.70989	-0.25934	-0.232482	1.42104	1.39294	0.419197	1.05854	-1.72351	-0.0435976	-0.307943	1.39698	1.32494	0.539102	0.802947	-1.76397	0.239248	-0.386366	1.37227	1.25516	0.662308	0.540911	-1.80703	0.554307	-0.473268	1.34514	1.17814	0.798227	0.251044	-1.85277	0.751514	-0.510329	1.33513	1.14764	0.853905	0.136597	-1.87208	0.781214	-0.509848	1.33421	1.14718	0.85353	0.134808	-1.87248	0.781677	-0.509855	1.33423	1.14716	0.853539	0.134815	-1.87248
r	KPIECEConfigDefault	3	3	1	8	0.781684	-0.509856	1.33423	1.14716	0.853539	0.134815	-1.87248	0.726516	-0.549322	1.35773	1.19502	0.886163	0.182437	-1.86091	0.507052	-0.671127	1.42964	1.34198	0.98163	0.325921	-1.82276	0.209648	-0.803333	1.50591	1.49768	1.08466	0.478187	-1.78126	-0.0732697	-0.913702	1.5693	1.6249	1.1713	0.604406	-1.74971	-0.193345	-0.944395	1.58541	1.66096	1.19329	0.638294	-1.74044	-0.202897	-0.944531	1.58605	1.66112	1.19343	0.639213	-1.74029	-0.203272	-0.944527	1.58608	1.66107	1.19349	0.639219	-1.74029
r	KPIECEConfigDefault	3	4	1	7	-0.203286	-0.944527	1.58608	1.66107	1.1935	0.639215	-1.74029	-0.237401	-0.954004	1.56804	1.62299	1.18733	0.728928	-1.69652	-0.374921	-0.987866	1.50204	1.48136	1.16482	1.06105	-1.53427	-0.596633	-1.0282	1.42504	1.31647	1.14023	1.44628	-1.3454	-0.734571	-1.0458	1.39247	1.24646	1.12878	1.61114	-1.26502	-0.757221	-1.04613	1.39205	1.24514	1.12875	1.61472	-1.26351	-0.758064	-1.0461	1.39206	1.2451	1.12891	1.61476	-1.2635
r	KPIECEConfigDefault	4	0	1	8	-1.69006	-0.399965	1.72006	0.950084	0.229996	1.61001	-1.26005	-1.6366	-0.371996	1.6842	0.950082	0.238898	1.56838	-1.30906	-1.43294	-0.287566	1.57642	0.950333	0.265545	1.44484	-1.45644	-1.12031	-0.186533	1.44976	0.950908	0.297026	1.29844	-1.63005	-0.855772	-0.118211	1.36627	0.95138	0.319603	1.20178	-1.74602	-0.774946	-0.105336	1.35023	0.951432	0.321796	1.18436	-1.76671	-0.772819	-0.105624	1.35054	0.951264	0.322082	1.18414	-1.76681	-0.772798	-0.105601	1.35049	0.951274	0.322033	1.18415	-1.7668
r	KPIECEConfigDefault	4	1	1	6	-0.772798	-0.105599	1.35049	0.951274	0.322034	1.18415	-1.7668	-0.736946	-0.121227	1.36234	1.02744	0.330505	1.18061	-1.75739	-0.509052	-0.183712	1.41103	1.31095	0.366794	1.15347	-1.72406	-0.328056	-0.207501	1.42826	1.41584	0.378701	1.14076	-1.71122	-0.315702	-0.207571	1.42901	1.41647	0.380028	1.14265	-1.71067	-0.315442	-0.207482	1.4288	1.4166	0.379835	1.14289	-1.71059
r	KPIECEConfigDefault	4	2	1	8	-0.315437	-0.207492	1.42882	1.41662	0.37984	1.14294	-1.71058	-0.260373	-0.23205	1.42111	1.39394	0.419089	1.05861	-1.72433	-0.0453037	-0.307226	1.3975	1.32596	0.538779	0.804173	-1.76551	0.252463	-0.38952	1.37186	1.25251	0.668519	0.529238	-1.80993	0.552204	-0.471937	1.34642	1.17893	0.798419	0.253894	-1.85481	0.750295	-0.509289	1.33647	1.14802	0.853574	0.137315	-1.87333	0.78032	-0.508787	1.3355	1.14763	0.853464	0.135587	-1.87345	0.780789	-0.508793	1.33552	1.14761	0.853472	0.135594	-1.87345
r	KPIECEConfigDefault	4	3	1	8	0.780795	-0.508793	1.33552	1.14761	0.853472	0.135594	-1.87345	0.726419	-0.548541	1.35805	1.19521	0.885779	0.182605	-1.86111	0.510686	-0.671328	1.42814	1.33832	0.982752	0.324872	-1.82331	0.213034	-0.806254	1.50293	1.49564	1.08626	0.480008	-1.78123	-0.0698377	-0.918964	1.56393	1.62177	1.17585	0.606249	-1.74985	-0.191887	-0.951456	1.58079	1.65951	1.19718	0.642543	-1.73817	-0.202034	-0.951522	1.58146	1.65915	1.19786	0.643139	-1.73806	-0.202419	-0.951518	1.58147	1.6591	1.19791	0.643112	-1.73807
r	KPIECEConfigDefault	4	4	1	19	-0.202434	-0.951518	1.58147	1.6591	1.19791	0.643108	-1.73807	-0.228242	-0.969545	1.53994	1.69645	1.17667	0.571149	-1.81586	-0.334928	-1.03522	1.38394	1.83291	1.09297	0.311108	-2.09793	-0.450165	-1.07276	1.14674	1.94965	0.949792	0.111262	-2.31198	-0.498737	-1.06023	0.892787	1.99312	0.784533	0.0652783	-2.36021	-0.496123	-1.02402	0.593818	2.01311	0.582758	0.077941	-2.34128	-0.460662	-0.964614	0.289105	1.99927	0.369354	0.165648	-2.2454	-0.399447	-0.889833	-0.00754157	1.96015	0.156849	0.303381	-2.09123	-0.322027	-0.805492	-0.30751	1.90916	-0.0589704	0.467087	-1.90727	-0.227348	-0.713379	-0.608581	1.84617	-0.277465	0.656101	-1.69735	-0.127037	-0.617257	-0.907854	1.77713	-0.49679	0.858026	-1.4731	-0.0215903	-0.519972	-1.20923	1.7062	-0.716555	1.06432	-1.24451	0.0927029	-0.414527	-1.50741	1.62298	-0.937498	1.29512	-0.987474	0.213069	-0.307787	-1.80811	1.53779	-1.15907	1.52979	-0.726984	0.333719	-0.201604	-2.10807	1.45478	-1.38367	1.76416	-0.470056	0.455025	-0.0964569	-2.40304	1.3717	-1.60289	1.99287	-0.215673	0.533414	-0.0488337	-2.53229	1.33504	-1.69965	2.09387	-0.104886	0.538814	-0.0494129	-2.53059	1.33604	-1.69562	2.09375	-0.104174	0.538923	-0.0494119	-2.53055	1.33602	-1.69563	2.09345	-0.104168
r	LBKPIECEConfigDefault	0	0	1	8	-1.69004	-0.399904	1.71995	0.949911	0.23002	1.61	-1.26006	-1.64325	-0.3745	1.68749	0.949827	0.238916	1.57245	-1.30653	-1.42084	-0.282996	1.57143	0.950449	0.267742	1.43947	-1.4653	-1.13765	-0.191261	1.45656	0.951044	0.295528	1.30724	-1.62135	-0.865768	-0.119099	1.36829	0.9513	0.318425	1.2053	-1.74346	-0.776139	-0.104568	1.35012	0.951513	0.322148	1.18493	-1.7676	-0.773439	-0.104775	1.35069	0.951344	0.322798	1.18484	-1.76768	-0.773407	-0.104779	1.35066	0.951343	0.322752	1.18482	-1.76768
r	LBKPIECEConfigDefault	0	1	1	6	-0.773407	-0.104776	1.35066	0.951343	0.322752	1.18482	-1.76768	-0.73758	-0.120943	1.3626	1.02952	0.330938	1.17852	-1.75764	-0.508514	-0.184647	1.41147	1.31347	0.367371	1.15161	-1.72124	-0.327248	-0.208707	1.42794	1.41485	0.378358	1.14063	-1.709	-0.314813	-0.208668	1.42884	1.41536	0.379813	1.14286	-1.70851	-0.314508	-0.208643	1.4286	1.41549	0.379557	1.14314	-1.70842
r	LBKPIECEConfigDefault	0	2	1	8	-0.314514	-0.208662	1.42866	1.41551	0.379613	1.14322	-1.70841	-0.259194	-0.233101	1.42125	1.39295	0.419001	1.05837	-1.7222	-0.0438424	-0.307031	1.39885	1.32565	0.537424	0.804413	-1.76322	0.25373	-0.38834	1.37461	1.25179	0.665986	0.526454	-1.80889	0.554002	-0.469603	1.35038	1.17826	0.793611	0.249693	-1.85378	0.749674	-0.505373	1.34136	1.14907	0.847242	0.136473	-1.87141	0.778736	-0.504902	1.34036	1.1483	0.84669	0.134835	-1.87202	0.779188	-0.504914	1.34039	1.14828	0.8467	0.134847	-1.87202
r	LBKPIECEConfigDefault	0	3	1	8	0.779194	-0.504914	1.34039	1.14828	0.8467	0.134847	-1.87202	0.725813	-0.543736	1.3629	1.19543	0.878196	0.180622	-1.8594	0.51151	-0.664151	1.43369	1.33851	0.973048	0.321391	-1.82303	0.198617	-0.80332	1.51245	1.50368	1.0824	0.482103	-1.77929	-0.0698036	-0.907867	1.57139	1.62317	1.16437	0.599981	-1.74956	-0.192833	-0.940181	1.58856	1.66117	1.18631	0.635701	-1.73786	-0.203003	-0.940273	1.58934	1.66084	1.187	0.63644	-1.73772	-0.203388	-0.940268	1.58935	1.66079	1.18706	0.636415	-1.73773
r	LBKPIECEConfigDefault	0	4	1	7	-0.203403	-0.940268	1.58935	1.66079	1.18706	0.636412	-1.73773	-0.237575	-0.94969	1.5717	1.62246	1.18075	0.726156	-1.69313	-0.375191	-0.983444	1.50617	1.48058	1.15881	1.05838	-1.53243	-0.597632	-1.02324	1.43033	1.3158	1.13338	1.4443	-1.34307	-0.736432	-1.04106	1.39778	1.24492	1.12281	1.61043	-1.26105	-0.7582	-1.04108	1.39782	1.24477	1.12301	1.61106	-1.26089	-0.759037	-1.04106	1.39786	1.24474	1.12315	1.61113	-1.26088
r	LBKPIECEConfigDefault	1	0	1	8	-1.69006	-0.400078	1.72	0.950048	0.229903	1.60993	-1.26007	-1.63544	-0.37171	1.68354	0.950267	0.239161	1.56788	-1.30967	-1.4157	-0.281941	1.56984	0.95046	0.267634	1.4347	-1.46805	-1.11746	-0.185241	1.44771	0.951909	0.297047	1.29762	-1.63192	-0.862797	-0.119452	1.36785	0.952365	0.318979	1.20339	-1.74384	-0.775459	-0.105398	1.35032	0.952388	0.322243	1.18344	-1.76676	-0.773448	-0.105673	1.35055	0.952266	0.322436	1.18333	-1.76682	-0.773428	-0.105642	1.35049	0.952277	0.322385	1.18334	-1.76681
r	LBKPIECEConfigDefault	1	1	1	6	-0.773428	-0.105644	1.3505	0.952277	0.322391	1.18334	-1.76681	-0.740388	-0.119848	1.36103	1.02012	0.329598	1.1745	-1.75885	-0.519598	-0.182666	1.40971	1.30174	0.365611	1.15356	-1.72413	-0.329255	-0.209336	1.42894	1.41543	0.379543	1.1394	-1.71055	-0.314908	-0.209244	1.42898	1.41617	0.379637	1.14241	-1.70975	-0.314634	-0.209192	1.42874	1.41637	0.379388	1.14285	-1.70962
r	LBKPIECEConfigDefault	1	2	1	8	-0.31464	-0.209209	1.42878	1.4164	0.379428	1.14295	-1.7096	-0.261318	-0.233123	1.42101	1.39419	0.417718	1.06017	-1.72255	-0.0489683	-0.306722	1.39851	1.32668	0.534791	0.808667	-1.76271	0.248662	-0.38818	1.37315	1.25289	0.663016	0.531951	-1.80598	0.548626	-0.469997	1.34809	1.17919	0.791889	0.255366	-1.85003	0.748781	-0.507726	1.33786	1.1471	0.847872	0.137068	-1.87031	0.77996	-0.507242	1.337	1.14711	0.848263	0.135922	-1.86991	0.780462	-0.507242	1.33701	1.14709	0.848268	0.13592	-1.86991
r	LBKPIECEConfigDefault	1	3	1	8	0.78047	-0.507244	1.33702	1.14709	0.848269	0.135922	-1.86991	0.725907	-0.546698	1.3597	1.19478	0.879792	0.182234	-1.85738	0.524126	-0.661555	1.42639	1.33104	0.971111	0.317119	-1.82145	0.212183	-0.802013	1.5059	1.495	1.07978	0.477279	-1.7773	-0.0708701	-0.913349	1.56826	1.62227	1.16631	0.603633	-1.74458	-0.191389	-0.94484	1.58452	1.65893	1.18867	0.638174	-1.73499	-0.201292	-0.944936	1.58529	1.65869	1.18928	0.63898	-1.73485	-0.201666	-0.944931	1.5853	1.65862	1.18935	0.638955	-1.73485
r	LBKPIECEConfigDefault	1	4	1	7	-0.201683	-0.944931	1.5853	1.65863	1.18934	0.638955	-1.73485	-0.236751	-0.954469	1.56713	1.62002	1.18397	0.730426	-1.69139	-0.377733	-0.989112	1.50064	1.4778	1.16222	1.06564	-1.52799	-0.600649	-1.02944	1.42379	1.3139	1.13771	1.45237	-1.34008	-0.738698	-1.04669	1.39291	1.24592	1.12927	1.61471	-1.26368	-0.758966	-1.04664	1.39294	1.24633	1.12925	1.6138	-1.26404	-0.759752	-1.04664	1.39299	1.2463	1.12934	1.61384	-1.26403
r	LBKPIECEConfigDefault	2	0	1	8	-1.68997	-0.399953	1.71999	0.950025	0.229971	1.60992	-1.2599	-1.63935	-0.373075	1.68544	0.949791	0.239018	1.56973	-1.30763	-1.4402	-0.289052	1.57916	0.950035	0.264289	1.4492	-1.45218	-1.12793	-0.188156	1.45231	0.949641	0.29781	1.30359	-1.62719	-0.868597	-0.1191	1.3688	0.94995	0.317685	1.20727	-1.74216	-0.775922	-0.104227	1.35024	0.949904	0.322166	1.18643	-1.76751	-0.773003	-0.104262	1.35065	0.949828	0.322692	1.18657	-1.76751	-0.772967	-0.104282	1.35064	0.949819	0.322677	1.18654	-1.76752
r	LBKPIECEConfigDefault	2	1	1	6	-0.772967	-0.104278	1.35064	0.94982	0.322674	1.18654	-1.76752	-0.735767	-0.121241	1.36371	1.03285	0.332089	1.18037	-1.75652	-0.503623	-0.184651	1.41204	1.3169	0.367086	1.15658	-1.7229	-0.326598	-0.207451	1.42773	1.41589	0.378651	1.14432	-1.71023	-0.315081	-0.207591	1.42872	1.41555	0.37978	1.14457	-1.71038	-0.314803	-0.20751	1.4286	1.41553	0.379685	1.14445	-1.7104
r	LBKPIECEConfigDefault	2	2	1	8	-0.314788	-0.207514	1.42859	1.41553	0.379667	1.14442	-1.7104	-0.258786	-0.232635	1.42071	1.39273	0.420059	1.05913	-1.72382	-0.0426019	-0.308145	1.39678	1.32469	0.539151	0.803979	-1.76377	0.240333	-0.386686	1.37228	1.25447	0.662004	0.540812	-1.80538	0.540483	-0.469542	1.3459	1.18114	0.792164	0.264074	-1.84927	0.751807	-0.510391	1.33505	1.14735	0.852903	0.136491	-1.86952	0.781033	-0.509927	1.33412	1.14679	0.852509	0.134876	-1.86993	0.781611	-0.509908	1.3341	1.14677	0.852508	0.134846	-1.86994
r	LBKPIECEConfigDefault	2	3	1	8	0.781618	-0.509909	1.3341	1.14677	0.852508	0.134847	-1.86994	0.728009	-0.548976	1.35683	1.19455	0.883265	0.181265	-1.85714	0.511528	-0.670274	1.42771	1.33807	0.97944	0.323073	-1.82001	0.214276	-0.803155	1.50373	1.49397	1.0825	0.477625	-1.77965	-0.0697574	-0.915264	1.56685	1.62275	1.16963	0.60451	-1.74654	-0.192138	-0.946963	1.58365	1.65964	1.19235	0.639625	-1.73737	-0.201975	-0.947073	1.58434	1.6595	1.19281	0.640399	-1.73723	-0.202354	-0.947068	1.58436	1.65945	1.19287	0.640385	-1.73723
r	LBKPIECEConfigDefault	2	4	1	7	-0.202368	-0.947068	1.58436	1.65945	1.19287	0.640381	-1.73723	-0.237875	-0.956648	1.56565	1.62028	1.18693	0.732598	-1.69256	-0.378924	-0.991102	1.49791	1.4771	1.16535	1.0703	-1.52893	-0.600852	-1.03109	1.42071	1.31268	1.14092	1.45538	-1.34289	-0.736284	-1.04817	1.38873	1.24553	1.13205	1.61571	-1.26408	-0.757025	-1.04823	1.38872	1.24563	1.13218	1.61595	-1.26405	-0.75782	-1.04822	1.38876	1.2456	1.13229	1.61601	-1.26404
r	LBKPIECEConfigDefault	3	0	1	8	-1.6899	-0.400073	1.72005	0.950021	0.229985	1.61002	-1.25994	-1.63447	-0.371128	1.68313	0.950008	0.238821	1.5684	-1.31062	-1.4139	-0.281598	1.56995	0.949928	0.269799	1.43773	-1.46642	-1.11501	-0.184112	1.44782	0.949416	0.298419	1.29832	-1.6336	-0.852647	-0.116322	1.36524	0.949312	0.320327	1.20281	-1.74764	-0.77453	-0.104117	1.35028	0.949391	0.322805	1.18675	-1.76708	-0.77257	-0.104388	1.35048	0.949267	0.322966	1.18663	-1.76713	-0.772551	-0.104357	1.35043	0.949281	0.322918	1.18665	-1.76712
r	LBKPIECEConfigDefault	3	1	1	6	-0.772551	-0.104359	1.35044	0.94928	0.322924	1.18665	-1.76712	-0.737434	-0.120117	1.36212	1.02537	0.331168	1.18074	-1.75747	-0.51127	-0.183858	1.41072	1.30935	0.366077	1.15882	-1.72353	-0.327385	-0.208589	1.42792	1.41534	0.378519	1.14203	-1.71042	-0.315066	-0.208638	1.42881	1.41571	0.379922	1.14393	-1.71003	-0.314797	-0.208536	1.42858	1.41582	0.379699	1.1441	-1.70997
r	LBKPIECEConfigDefault	3	2	1	8	-0.31479	-0.208548	1.42859	1.41583	0.379705	1.14413	-1.70996	-0.258958	-0.233358	1.42081	1.39285	0.419717	1.05828	-1.72394	-0.0580906	-0.303675	1.39935	1.32947	0.532216	0.819188	-1.76181	0.239551	-0.385492	1.3741	1.25531	0.660915	0.53977	-1.80671	0.539503	-0.467115	1.34922	1.1823	0.789683	0.263339	-1.84953	0.7459	-0.507535	1.33795	1.14701	0.850277	0.13352	-1.87272	0.779789	-0.507166	1.33738	1.14768	0.850517	0.134715	-1.8722	0.780357	-0.507148	1.33736	1.14766	0.850517	0.134688	-1.87221
r	LBKPIECEConfigDefault	3	3	1	8	0.780364	-0.507149	1.33736	1.14766	0.850517	0.134689	-1.87221	0.723358	-0.54771	1.36076	1.19672	0.883082	0.182867	-1.85952	0.503833	-0.670505	1.43175	1.34253	0.979857	0.326879	-1.82029	0.206194	-0.803434	1.50708	1.49867	1.08335	0.480681	-1.77895	-0.0643074	-0.910093	1.56597	1.62145	1.16599	0.602169	-1.74744	-0.190921	-0.94368	1.58458	1.65984	1.19022	0.639941	-1.73689	-0.201718	-0.943707	1.58511	1.65934	1.19093	0.640174	-1.73684	-0.202127	-0.943707	1.5851	1.65932	1.19095	0.640142	-1.73685
r	LBKPIECEConfigDefault	3	4	1	7	-0.202141	-0.943707	1.5851	1.65932	1.19095	0.64014	-1.73685	-0.235318	-0.952855	1.56767	1.6221	1.1845	0.728057	-1.69356	-0.381198	-0.987618	1.49889	1.47411	1.16261	1.07459	-1.52588	-0.602777	-1.02721	1.42246	1.30991	1.13806	1.45927	-1.33843	-0.73278	-1.04338	1.39247	1.24501	1.12713	1.61163	-1.26281	-0.755694	-1.04365	1.39206	1.2441	1.12739	1.61443	-1.26178	-0.756536	-1.04363	1.39207	1.24407	1.12752	1.61447	-1.26177
r	LBKPIECEConfigDefault	4	0	1	8	-1.69004	-0.400061	1.71998	0.949975	0.230049	1.60992	-1.25997	-1.63827	-0.372774	1.68512	0.95	0.238828	1.56924	-1.30818	-1.42295	-0.2841	1.57211	0.95071	0.266186	1.43851	-1.46116	-1.12498	-0.187431	1.45131	0.951902	0.297822	1.29936	-1.62893	-0.858611	-0.118369	1.3669	0.952737	0.319549	1.20121	-1.74541	-0.776022	-0.105131	1.35018	0.952832	0.322251	1.18326	-1.76669	-0.77376	-0.105432	1.35058	0.952609	0.32263	1.18291	-1.76682	-0.773737	-0.10541	1.35053	0.95262	0.322573	1.18292	-1.76681
r	LBKPIECEConfigDefault	4	1	1	6	-0.773737	-0.105411	1.35053	0.952619	0.322578	1.18292	-1.76681	-0.738557	-0.121025	1.36209	1.02747	0.330287	1.1777	-1.75763	-0.511307	-0.184387	1.41139	1.31103	0.365638	1.1545	-1.72264	-0.328143	-0.209028	1.42849	1.41635	0.378275	1.14025	-1.71027	-0.315478	-0.209068	1.4292	1.41694	0.379496	1.14201	-1.70975	-0.315205	-0.208977	1.42898	1.41706	0.37928	1.14222	-1.70967
r	LBKPIECEConfigDefault	4	2	1	8	-0.3152	-0.208989	1.429	1.41708	0.37929	1.14227	-1.70967	-0.260622	-0.233267	1.42136	1.39471	0.418338	1.05845	-1.72347	-0.0465474	-0.307224	1.39872	1.32714	0.536879	0.80465	-1.76363	0.251201	-0.38856	1.37392	1.25314	0.665369	0.527923	-1.80842	0.551345	-0.470215	1.34887	1.17936	0.794304	0.251773	-1.85406	0.749527	-0.507207	1.33933	1.14852	0.849678	0.134574	-1.87243	0.779793	-0.506721	1.33848	1.14827	0.849716	0.133094	-1.87235	0.780273	-0.506724	1.3385	1.14825	0.849722	0.133097	-1.87235
r	LBKPIECEConfigDefault	4	3	1	8	0.78028	-0.506725	1.3385	1.14825	0.849722	0.133097	-1.87235	0.725697	-0.545956	1.3614	1.19591	0.88073	0.179487	-1.85936	0.509335	-0.66688	1.43224	1.33975	0.975756	0.322156	-1.82117	0.212211	-0.799086	1.50801	1.49525	1.0785	0.474439	-1.77838	-0.0712483	-0.90998	1.57064	1.62288	1.16539	0.601492	-1.74617	-0.192353	-0.941433	1.58692	1.66017	1.18726	0.636509	-1.73664	-0.202284	-0.941536	1.58772	1.65995	1.18787	0.6374	-1.73648	-0.202663	-0.941531	1.58774	1.65989	1.18794	0.637381	-1.73648
r	LBKPIECEConfigDefault	4	4	1	7	-0.202677	-0.94153	1.58774	1.65989	1.18794	0.637377	-1.73648	-0.238693	-0.951237	1.56925	1.62009	1.18124	0.730147	-1.69021	-0.380293	-0.985839	1.50245	1.47531	1.15957	1.06945	-1.52634	-0.602502	-1.0259	1.42651	1.3109	1.13405	1.45489	-1.33727	-0.738058	-1.04293	1.39576	1.24299	1.12394	1.61437	-1.26015	-0.757311	-1.04283	1.39586	1.24389	1.12399	1.61195	-1.26021	-0.758072	-1.04284	1.39592	1.24387	1.12405	1.61199	-1.26021
r	RRTConnectConfigDefault	0	0	1	8	-1.69	-0.399954	1.71993	0.950048	0.229967	1.61008	-1.26001	-1.63742	-0.372405	1.68454	0.949907	0.238789	1.56884	-1.30834	-1.4208	-0.28324	1.57091	0.949983	0.266924	1.44005	-1.46382	-1.12265	-0.18734	1.45029	0.950185	0.295927	1.30112	-1.62927	-0.856804	-0.11834	1.36605	0.95044	0.319681	1.20421	-1.74638	-0.77467	-0.105304	1.34972	0.950463	0.321988	1.18603	-1.7669	-0.772443	-0.105579	1.35006	0.950273	0.322307	1.18574	-1.76701	-0.77242	-0.105557	1.35001	0.950282	0.322254	1.18575	-1.76701
r	RRTConnectConfigDefault	0	1	1	6	-0.772421	-0.105558	1.35001	0.950282	0.322259	1.18575	-1.76701	-0.734966	-0.122464	1.3632	1.03285	0.331935	1.18032	-1.75579	-0.502671	-0.185911	1.41201	1.31704	0.367729	1.15134	-1.7209	-0.32603	-0.209124	1.42764	1.41521	0.378716	1.14218	-1.70897	-0.314468	-0.209198	1.42855	1.41524	0.379937	1.14336	-1.70885	-0.314204	-0.209112	1.4284	1.41529	0.3798	1.1434	-1.70882
r	RRTConnectConfigDefault	0	2	1	8	-0.314194	-0.209119	1.4284	1.41529	0.379792	1.1434	-1.70882	-0.257495	-0.233956	1.42092	1.39216	0.419819	1.05673	-1.72311	-0.0402458	-0.308194	1.39864	1.32414	0.538594	0.798752	-1.76492	0.257433	-0.389016	1.37477	1.25116	0.666532	0.523155	-1.80991	0.557563	-0.470153	1.35076	1.17812	0.794859	0.245104	-1.85488	0.750754	-0.504706	1.34211	1.14979	0.847653	0.135797	-1.87236	0.778705	-0.504329	1.34123	1.14886	0.84671	0.133969	-1.87339	0.779136	-0.504344	1.34126	1.14885	0.84672	0.133983	-1.87339
r	RRTConnectConfigDefault	0	3	1	8	0.779143	-0.504344	1.34126	1.14885	0.846719	0.133982	-1.87339	0.724355	-0.543985	1.36391	1.19658	0.878549	0.180838	-1.86104	0.507283	-0.666572	1.43412	1.34127	0.975302	0.323273	-1.82183	0.210146	-0.800346	1.50909	1.49697	1.08066	0.475338	-1.78088	-0.0727752	-0.912165	1.57102	1.6242	1.16781	0.601538	-1.74738	-0.193395	-0.943808	1.587	1.66108	1.19005	0.635997	-1.73788	-0.203171	-0.943907	1.58775	1.66084	1.19065	0.636778	-1.73773	-0.203545	-0.943902	1.58776	1.66078	1.19071	0.636757	-1.73774
r	RRTConnectConfigDefault	0	4	1	7	-0.203559	-0.943902	1.58776	1.66078	1.19071	0.636753	-1.73774	-0.237888	-0.953284	1.56958	1.62218	1.18461	0.727336	-1.69374	-0.375438	-0.986741	1.50363	1.48029	1.16276	1.0593	-1.53069	-0.595821	-1.02649	1.42573	1.31557	1.13787	1.44619	-1.34444	-0.73322	-1.04377	1.39344	1.24533	1.12649	1.61049	-1.26441	-0.756101	-1.04414	1.39292	1.24402	1.12654	1.61439	-1.26234	-0.756921	-1.04411	1.39293	1.24398	1.12669	1.61443	-1.26233
r	RRTConnectConfigDefault	1	0	1	8	-1.68991	-0.399958	1.72006	0.949912	0.22998	1.61006	-1.26005	-1.63959	-0.373353	1.6856	0.949618	0.239503	1.56936	-1.30722	-1.44088	-0.289879	1.57955	0.950204	0.264138	1.44852	-1.45309	-1.1434	-0.194011	1.45904	0.95033	0.295405	1.30873	-1.61772	-0.868927	-0.120426	1.36871	0.950917	0.31728	1.20509	-1.74145	-0.775759	-0.10546	1.34988	0.951037	0.321722	1.18433	-1.76683	-0.772793	-0.105495	1.3503	0.950944	0.322269	1.18443	-1.76685	-0.772757	-0.105516	1.3503	0.950935	0.322255	1.1844	-1.76685
r	RRTConnectConfigDefault	1	1	1	6	-0.772757	-0.105513	1.3503	0.950936	0.322251	1.1844	-1.76685	-0.73837	-0.120792	1.36162	1.02485	0.329891	1.1779	-1.75762	-0.513963	-0.183861	1.41076	1.30861	0.368294	1.15571	-1.72207	-0.327579	-0.209277	1.42824	1.41437	0.378334	1.14042	-1.71009	-0.314521	-0.209274	1.42882	1.4153	0.379506	1.14324	-1.70926	-0.314263	-0.209185	1.42857	1.41549	0.379249	1.14365	-1.70914
r	RRTConnectConfigDefault	1	2	1	8	-0.314264	-0.2092	1.42859	1.41553	0.37927	1.14374	-1.70912	-0.262962	-0.232557	1.42091	1.39401	0.416442	1.06306	-1.72257	-0.0532739	-0.305803	1.39872	1.32777	0.533496	0.813121	-1.76142	0.24447	-0.387392	1.37324	1.25441	0.663642	0.536933	-1.8073	0.544663	-0.46934	1.34829	1.18053	0.792308	0.258672	-1.85158	0.747779	-0.508238	1.33799	1.14738	0.849881	0.133806	-1.87167	0.780112	-0.50777	1.33723	1.14778	0.850362	0.133574	-1.87112	0.780635	-0.507759	1.33723	1.14776	0.850365	0.133561	-1.87113
r	RRTConnectConfigDefault	1	3	1	8	0.780642	-0.507761	1.33723	1.14776	0.850366	0.133562	-1.87113	0.725846	-0.547296	1.36035	1.19589	0.882199	0.180895	-1.859	0.507753	-0.669172	1.4314	1.34085	0.979615	0.322266	-1.82139	0.210326	-0.801419	1.50747	1.4965	1.08144	0.476456	-1.78014	-0.0730148	-0.912381	1.5704	1.62383	1.16778	0.602347	-1.74563	-0.19285	-0.943058	1.58641	1.6598	1.18933	0.636442	-1.73627	-0.202325	-0.943185	1.587	1.65993	1.18949	0.63726	-1.73613	-0.202695	-0.943181	1.58702	1.65988	1.18955	0.637263	-1.73613
r	RRTConnectConfigDefault	1	4	1	7	-0.202711	-0.943181	1.58702	1.65989	1.18954	0.637261	-1.73613	-0.236977	-0.952515	1.56933	1.62188	1.18354	0.726704	-1.69256	-0.384976	-0.988929	1.49801	1.47024	1.15936	1.08266	-1.51887	-0.607899	-1.0282	1.42374	1.30875	1.13647	1.46334	-1.33453	-0.739572	-1.04417	1.39428	1.2443	1.12667	1.61537	-1.26184	-0.758032	-1.04412	1.3946	1.24524	1.12656	1.61304	-1.26252	-0.758766	-1.04413	1.39465	1.24523	1.1266	1.61306	-1.26252
r	RRTConnectConfigDefault	2	0	1	8	-1.68991	-0.399982	1.72006	0.949973	0.229978	1.61004	-1.26009	-1.64588	-0.375317	1.68891	0.949782	0.237859	1.5743	-1.3033	-1.44129	-0.28984	1.58005	0.948811	0.26466	1.44961	-1.45092	-1.14385	-0.193725	1.459	0.947934	0.29616	1.31169	-1.61634	-0.868596	-0.119303	1.36825	0.947782	0.317203	1.20821	-1.73963	-0.774593	-0.104469	1.34975	0.947645	0.32252	1.18721	-1.76558	-0.771596	-0.104472	1.35007	0.94757	0.322946	1.18729	-1.76559	-0.771559	-0.104492	1.35007	0.947558	0.322935	1.18725	-1.7656
r	RRTConnectConfigDefault	2	1	1	6	-0.771559	-0.104489	1.35006	0.947559	0.322932	1.18725	-1.7656	-0.735074	-0.121033	1.36244	1.02703	0.331582	1.18318	-1.75571	-0.507319	-0.184447	1.41157	1.31104	0.366048	1.15778	-1.72016	-0.326736	-0.209186	1.4278	1.41546	0.378896	1.14223	-1.70979	-0.314775	-0.209203	1.42852	1.41557	0.380038	1.14352	-1.70959	-0.314505	-0.209124	1.42836	1.41563	0.379884	1.14359	-1.70955
r	RRTConnectConfigDefault	2	2	1	8	-0.314496	-0.209132	1.42836	1.41564	0.379884	1.1436	-1.70955	-0.261871	-0.232791	1.4209	1.39406	0.417738	1.06215	-1.72247	-0.0504946	-0.305769	1.39878	1.32736	0.534474	0.813101	-1.76472	0.247477	-0.38755	1.37381	1.25362	0.663233	0.532714	-1.80755	0.547207	-0.46899	1.34926	1.1803	0.791817	0.257476	-1.85247	0.748066	-0.506929	1.33903	1.14771	0.84782	0.135303	-1.87218	0.779489	-0.506534	1.33845	1.14812	0.848103	0.134793	-1.87181	0.780011	-0.50653	1.33846	1.1481	0.848107	0.134782	-1.87182
r	RRTConnectConfigDefault	2	3	1	8	0.780019	-0.506531	1.33846	1.1481	0.848107	0.134783	-1.87182	0.728564	-0.54461	1.36068	1.19453	0.878586	0.179639	-1.86	0.51489	-0.664161	1.43117	1.33725	0.973505	0.31966	-1.8231	0.217735	-0.796754	1.50717	1.49333	1.07768	0.471289	-1.78164	-0.067399	-0.90936	1.57052	1.62414	1.16507	0.59846	-1.74817	-0.192837	-0.942024	1.58848	1.66193	1.18804	0.634696	-1.73782	-0.203184	-0.94207	1.5892	1.66127	1.18904	0.635114	-1.73773	-0.203569	-0.942066	1.5892	1.66122	1.18909	0.635067	-1.73774
r	RRTConnectConfigDefault	2	4	1	7	-0.203584	-0.942066	1.5892	1.66122	1.18909	0.635063	-1.73774	-0.236693	-0.951231	1.57173	1.62383	1.18286	0.723607	-1.69497	-0.371794	-0.984389	1.50748	1.48444	1.16133	1.0494	-1.53538	-0.592938	-1.02473	1.43022	1.31857	1.13538	1.43849	-1.34827	-0.733196	-1.04268	1.39737	1.24723	1.12478	1.60626	-1.26508	-0.757776	-1.04332	1.39622	1.24463	1.12457	1.61287	-1.26231	-0.75864	-1.0433	1.39618	1.24461	1.12464	1.61284	-1.26231
r	RRTConnectConfigDefault	3	0	1	8	-1.69009	-0.399945	1.72005	0.949998	0.230046	1.60997	-1.26008	-1.63838	-0.372648	1.68516	0.949886	0.23898	1.56955	-1.30813	-1.42305	-0.284031	1.57245	0.949837	0.267345	1.44004	-1.46268	-1.12489	-0.18798	1.45151	0.950016	0.297961	1.30225	-1.62847	-0.858288	-0.117907	1.36624	0.950444	0.319322	1.20413	-1.74511	-0.774959	-0.10469	1.35001	0.950507	0.322271	1.18544	-1.76638	-0.772717	-0.104984	1.35039	0.950301	0.322626	1.18513	-1.76651	-0.772694	-0.104962	1.35034	0.950311	0.322569	1.18513	-1.7665
r	RRTConnectConfigDefault	3	1	1	6	-0.772695	-0.104962	1.35034	0.95031	0.322574	1.18514	-1.7665	-0.738797	-0.119763	1.36124	1.02134	0.330113	1.17947	-1.758	-0.515529	-0.182057	1.40999	1.30313	0.366375	1.15445	-1.7241	-0.328205	-0.207681	1.42829	1.41343	0.379332	1.1418	-1.711	-0.31462	-0.207642	1.42854	1.41438	0.379935	1.14479	-1.7101	-0.314363	-0.20758	1.42832	1.41459	0.379714	1.14525	-1.70998
r	RRTConnectConfigDefault	3	2	1	8	-0.314367	-0.207593	1.42836	1.41462	0.379741	1.14535	-1.70996	-0.259693	-0.231908	1.42095	1.39236	0.418528	1.06117	-1.72328	-0.0450218	-0.307246	1.39694	1.32509	0.538964	0.80625	-1.76412	0.252783	-0.389767	1.37148	1.25159	0.668565	0.529293	-1.80971	0.537699	-0.468151	1.34718	1.18207	0.792043	0.266167	-1.85232	0.750715	-0.509629	1.33606	1.14785	0.853854	0.135906	-1.87289	0.780733	-0.509155	1.33521	1.14743	0.853734	0.134276	-1.87301	0.781332	-0.509133	1.33518	1.14741	0.853731	0.134238	-1.87301
r	RRTConnectConfigDefault	3	3	1	8	0.78134	-0.509134	1.33518	1.14741	0.853732	0.13424	-1.87301	0.728403	-0.548114	1.35749	1.19417	0.884723	0.180514	-1.86081	0.514671	-0.669217	1.42741	1.3368	0.98024	0.321958	-1.82351	0.217726	-0.803363	1.50229	1.49247	1.08416	0.475664	-1.78157	-0.06708	-0.916931	1.56466	1.62179	1.17194	0.603604	-1.74704	-0.191713	-0.95006	1.58224	1.66016	1.19514	0.640844	-1.73766	-0.202173	-0.950108	1.58296	1.65954	1.1961	0.641306	-1.73756	-0.202563	-0.950104	1.58296	1.65949	1.19615	0.641261	-1.73757
r	RRTConnectConfigDefault	3	4	1	7	-0.202578	-0.950104	1.58296	1.65949	1.19614	0.641257	-1.73757	-0.236797	-0.95964	1.56439	1.62112	1.19057	0.731904	-1.69393	-0.374965	-0.993919	1.4958	1.47886	1.17048	1.06639	-1.53152	-0.595855	-1.03415	1.41692	1.31465	1.14566	1.45235	-1.34442	-0.732511	-1.05157	1.38392	1.24532	1.13581	1.61578	-1.26506	-0.754804	-1.05183	1.38345	1.24433	1.13558	1.61863	-1.26356	-0.755635	-1.0518	1.38348	1.24429	1.13573	1.61869	-1.26355
r	RRTConnectConfigDefault	4	0	1	8	-1.6901	-0.400063	1.72	0.950072	0.229937	1.60999	-1.25992	-1.6371	-0.372187	1.68434	0.949965	0.238983	1.56862	-1.3089	-1.42006	-0.283004	1.57147	0.949958	0.268134	1.43809	-1.46256	-1.12184	-0.186286	1.45064	0.950241	0.298418	1.29985	-1.63039	-0.8568	-0.117044	1.36657	0.950908	0.320539	1.20307	-1.74626	-0.775362	-0.104039	1.35031	0.950761	0.322755	1.18513	-1.76684	-0.773187	-0.104343	1.35067	0.950585	0.323093	1.18492	-1.76694	-0.773165	-0.104317	1.35062	0.950596	0.323036	1.18493	-1.76693
r	RRTConnectConfigDefault	4	1	1	6	-0.773165	-0.104318	1.35062	0.950596	0.323041	1.18493	-1.76693	-0.740001	-0.118834	1.36126	1.01973	0.330396	1.17522	-1.75873	-0.505157	-0.185362	1.41229	1.31807	0.367286	1.15328	-1.72171	-0.327233	-0.208679	1.428	1.41734	0.378573	1.14197	-1.70977	-0.315556	-0.208719	1.42912	1.41676	0.379935	1.14162	-1.71004	-0.315295	-0.208656	1.42886	1.41701	0.379665	1.14216	-1.70989
r	RRTConnectConfigDefault	4	2	1	8	-0.315301	-0.208672	1.42891	1.41705	0.379707	1.14227	-1.70987	-0.263227	-0.232228	1.42146	1.39545	0.417349	1.0612	-1.72241	-0.0668827	-0.301557	1.40019	1.33154	0.52803	0.824112	-1.76035	0.229975	-0.383191	1.37449	1.25795	0.656465	0.548467	-1.80387	0.545106	-0.469279	1.34798	1.18014	0.79165	0.258766	-1.85045	0.742598	-0.508009	1.33669	1.14658	0.850119	0.132564	-1.87078	0.779959	-0.507885	1.33663	1.14721	0.850188	0.135067	-1.87064	0.780628	-0.507852	1.33658	1.1472	0.850179	0.13501	-1.87064
r	RRTConnectConfigDefault	4	3	1	8	0.780637	-0.507853	1.33658	1.1472	0.85018	0.135012	-1.87064	0.72646	-0.547295	1.3594	1.19453	0.881861	0.181802	-1.85877	0.511158	-0.668752	1.42956	1.33811	0.978082	0.324272	-1.82151	0.213637	-0.802686	1.50503	1.49451	1.08237	0.476918	-1.77991	-0.0699344	-0.91487	1.56751	1.62223	1.16847	0.604012	-1.74629	-0.191903	-0.946927	1.58414	1.65958	1.19086	0.639458	-1.73674	-0.20194	-0.947012	1.58492	1.65919	1.19163	0.640175	-1.7366	-0.202319	-0.947007	1.58493	1.65913	1.19169	0.640144	-1.73661
r	RRTConnectConfigDefault	4	4	1	7	-0.202333	-0.947007	1.58493	1.65913	1.19169	0.64014	-1.73661	-0.236687	-0.956509	1.56657	1.62097	1.18608	0.730603	-1.693	-0.375492	-0.990504	1.50001	1.47991	1.16621	1.06231	-1.53184	-0.5975	-1.03083	1.42179	1.31552	1.14148	1.45059	-1.34416	-0.734979	-1.04834	1.38942	1.2467	1.13174	1.6129	-1.2649	-0.757132	-1.04857	1.3891	1.24564	1.13158	1.61546	-1.26338	-0.757953	-1.04854	1.38912	1.2456	1.13173	1.61551	-1.26337
r	RRTStarConfigDefault	0	0	1	8	-1.69008	-0.399913	1.72005	0.949985	0.23	1.60992	-1.25994	-1.63225	-0.370325	1.68235	0.950075	0.239026	1.56667	-1.31138	-1.42204	-0.283451	1.57191	0.949873	0.266251	1.43752	-1.46227	-1.10912	-0.182252	1.44513	0.951095	0.29879	1.29281	-1.63727	-0.858019	-0.11789	1.36668	0.951594	0.319981	1.20205	-1.74582	-0.775384	-0.10477	1.3502	0.951634	0.322019	1.18379	-1.76643	-0.773165	-0.105064	1.35059	0.951448	0.322393	1.18355	-1.76653	-0.773142	-0.105042	1.35054	0.951457	0.322336	1.18355	-1.76653
r	RRTStarConfigDefault	0	1	1	6	-0.773142	-0.105042	1.35054	0.951457	0.322341	1.18356	-1.76653	-0.737575	-0.120802	1.3623	1.02768	0.330531	1.17892	-1.75687	-0.509552	-0.183955	1.41123	1.311	0.366673	1.15089	-1.72247	-0.327748	-0.20818	1.42844	1.41515	0.378502	1.14068	-1.71033	-0.315289	-0.208174	1.42901	1.41598	0.379618	1.14281	-1.7097	-0.315027	-0.208096	1.42882	1.41613	0.379435	1.14309	-1.70961
r	RRTStarConfigDefault	0	2	1	8	-0.315023	-0.208105	1.42884	1.41615	0.379445	1.14315	-1.7096	-0.261222	-0.232291	1.42089	1.39388	0.418499	1.06167	-1.72398	-0.048065	-0.306798	1.39787	1.3265	0.537009	0.80883	-1.76276	0.250049	-0.388928	1.37179	1.25197	0.666221	0.531157	-1.8081	0.549748	-0.471115	1.34645	1.17885	0.796094	0.256277	-1.85267	0.74951	-0.508927	1.33617	1.14681	0.851237	0.138306	-1.87115	0.780255	-0.508421	1.33529	1.14674	0.851452	0.136871	-1.87089	0.78074	-0.508421	1.33531	1.14672	0.851458	0.13687	-1.87089
r	RRTStarConfigDefault	0	3	1	8	0.780748	-0.508422	1.33531	1.14671	0.851458	0.136871	-1.87089	0.726211	-0.54794	1.35834	1.19503	0.883669	0.183603	-1.85886	0.508565	-0.669189	1.43007	1.33945	0.979575	0.325569	-1.82205	0.211147	-0.801945	1.50613	1.4964	1.08405	0.477076	-1.78191	-0.0724359	-0.913249	1.56934	1.6248	1.17116	0.602966	-1.7497	-0.193788	-0.944616	1.58583	1.66175	1.194	0.637285	-1.7409	-0.203527	-0.944731	1.58655	1.6617	1.19441	0.63818	-1.74074	-0.203905	-0.944726	1.58657	1.66164	1.19447	0.638172	-1.74074
r	RRTStarConfigDefault	0	4	1	7	-0.203919	-0.944726	1.58657	1.66164	1.19448	0.638168	-1.74074	-0.237327	-0.954063	1.56874	1.6241	1.1881	0.726919	-1.69711	-0.372977	-0.98744	1.5034	1.48345	1.16674	1.05578	-1.53742	-0.593732	-1.02773	1.42562	1.31831	1.13983	1.44221	-1.34856	-0.732902	-1.04561	1.39277	1.24758	1.12961	1.60838	-1.2659	-0.756685	-1.04612	1.39167	1.24469	1.12869	1.61507	-1.26303	-0.757534	-1.04609	1.39165	1.24467	1.12879	1.61507	-1.26302
r	RRTStarConfigDefault	1	0	1	8	-1.69006	-0.400065	1.71993	0.949999	0.230073	1.60995	-1.2601	-1.64152	-0.373924	1.68652	0.949727	0.238318	1.57068	-1.30709	-1.42971	-0.286403	1.57522	0.949619	0.266519	1.44278	-1.458	-1.13207	-0.190092	1.45438	0.9497	0.296341	1.3037	-1.62273	-0.862031	-0.118934	1.36753	0.950032	0.319066	1.20415	-1.74245	-0.774351	-0.104866	1.35005	0.949975	0.322424	1.18463	-1.76555	-0.772378	-0.105133	1.35025	0.949842	0.322594	1.18449	-1.76562	-0.77236	-0.105103	1.35021	0.949856	0.322547	1.18451	-1.76561
r	RRTStarConfigDefault	1	1	1	6	-0.77236	-0.105105	1.35021	0.949855	0.322552	1.18451	-1.76561	-0.736919	-0.120758	1.36188	1.02403	0.32992	1.18122	-1.75628	-0.510777	-0.184199	1.41059	1.30911	0.367249	1.14967	-1.72029	-0.326609	-0.20936	1.42789	1.41298	0.37844	1.14161	-1.70852	-0.313836	-0.209346	1.42846	1.41387	0.379697	1.14409	-1.70776	-0.31357	-0.209256	1.42822	1.41405	0.379452	1.14443	-1.70766
r	RRTStarConfigDefault	1	2	1	8	-0.313569	-0.20927	1.42824	1.41407	0.379473	1.14449	-1.70765	-0.26265	-0.232708	1.42034	1.39286	0.416715	1.06526	-1.72021	-0.0536269	-0.306336	1.39683	1.32613	0.53368	0.816059	-1.75996	0.243953	-0.388855	1.37015	1.2524	0.662667	0.539169	-1.80343	0.543808	-0.471362	1.3441	1.17903	0.791886	0.264358	-1.84797	0.748503	-0.511202	1.33273	1.14483	0.849749	0.13772	-1.86774	0.781573	-0.510788	1.3321	1.14547	0.85041	0.138041	-1.86702	0.782123	-0.510775	1.33209	1.14545	0.850411	0.138021	-1.86702
r	RRTStarConfigDefault	1	3	1	8	0.78213	-0.510776	1.3321	1.14545	0.850411	0.138022	-1.86702	0.726933	-0.550503	1.35563	1.19383	0.88272	0.185	-1.85529	0.49402	-0.678458	1.43132	1.34737	0.985259	0.334482	-1.81776	0.195937	-0.810736	1.50834	1.5043	1.08825	0.487424	-1.77872	-0.0828497	-0.918621	1.57068	1.62763	1.17396	0.609047	-1.74734	-0.193344	-0.946447	1.58486	1.66072	1.1935	0.639138	-1.73944	-0.20313	-0.946559	1.58552	1.66067	1.19387	0.639936	-1.7393	-0.203509	-0.946555	1.58554	1.66063	1.19392	0.639928	-1.7393
r	RRTStarConfigDefault	1	4	1	7	-0.203524	-0.946555	1.58554	1.66062	1.19392	0.639924	-1.7393	-0.236116	-0.955725	1.56787	1.62358	1.18814	0.727527	-1.69686	-0.36972	-0.988908	1.50233	1.48485	1.16808	1.05147	-1.5391	-0.590644	-1.02948	1.42333	1.31866	1.1415	1.4399	-1.34674	-0.731647	-1.04729	1.39004	1.24701	1.13125	1.60964	-1.26575	-0.756061	-1.04792	1.38882	1.24446	1.13105	1.61598	-1.26281	-0.756939	-1.04789	1.38879	1.24444	1.13113	1.61596	-1.26281
r	RRTStarConfigDefault	2	0	1	8	-1.69005	-0.399935	1.72004	0.95002	0.22993	1.61007	-1.26	-1.63815	-0.372605	1.68505	0.949628	0.238654	1.56881	-1.30797	-1.42185	-0.283734	1.57209	0.949228	0.266636	1.43911	-1.46314	-1.1239	-0.187748	1.45113	0.949468	0.296782	1.30256	-1.62644	-0.857219	-0.118479	1.36642	0.949326	0.319648	1.20386	-1.74396	-0.774208	-0.105094	1.34984	0.949168	0.321896	1.18579	-1.76483	-0.771996	-0.10541	1.35023	0.948968	0.322271	1.18551	-1.76495	-0.771974	-0.105385	1.35018	0.948979	0.322211	1.18553	-1.76494
r	RRTStarConfigDefault	2	1	1	6	-0.771974	-0.105386	1.35018	0.948979	0.322216	1.18553	-1.76494	-0.740254	-0.118944	1.36026	1.01351	0.329356	1.1747	-1.7577	-0.524648	-0.181815	1.40876	1.29666	0.365612	1.15062	-1.72314	-0.329605	-0.209617	1.42888	1.41509	0.380596	1.13972	-1.70937	-0.31461	-0.20943	1.42851	1.41563	0.380054	1.14211	-1.70883	-0.314327	-0.20941	1.4283	1.4158	0.379826	1.1425	-1.70872
r	RRTStarConfigDefault	2	2	1	8	-0.314335	-0.209426	1.42835	1.41583	0.379878	1.14261	-1.7087	-0.257726	-0.234203	1.42098	1.39285	0.419692	1.05616	-1.72281	-0.0405637	-0.308957	1.39809	1.32508	0.538744	0.799262	-1.76314	0.257157	-0.390138	1.37401	1.25184	0.666638	0.522072	-1.80915	0.557896	-0.471329	1.34914	1.17707	0.793806	0.243381	-1.85638	0.751438	-0.506719	1.34071	1.14994	0.847981	0.133635	-1.87137	0.779566	-0.506277	1.3398	1.14908	0.847366	0.131817	-1.87209	0.779998	-0.506289	1.33983	1.14906	0.847375	0.131828	-1.87208
r	RRTStarConfigDefault	2	3	1	8	0.780004	-0.506289	1.33983	1.14906	0.847375	0.131828	-1.87208	0.726018	-0.545208	1.36246	1.19632	0.878724	0.177884	-1.85979	0.510557	-0.665529	1.43297	1.33925	0.97442	0.320059	-1.82154	0.213119	-0.798076	1.50826	1.49565	1.07786	0.473401	-1.77972	-0.0702077	-0.909198	1.57054	1.62357	1.16417	0.600029	-1.74538	-0.19211	-0.940576	1.58756	1.66026	1.18541	0.636026	-1.73559	-0.202029	-0.940636	1.58827	1.65973	1.18628	0.636524	-1.73548	-0.202401	-0.940632	1.58827	1.65968	1.18633	0.636486	-1.73549
r	RRTStarConfigDefault	2	4	1	7	-0.202415	-0.940632	1.58827	1.65968	1.18633	0.636482	-1.73549	-0.236273	-0.950059	1.57072	1.62177	1.18052	0.725711	-1.69199	-0.373219	-0.983601	1.50594	1.48045	1.1585	1.05675	-1.53069	-0.595274	-1.02375	1.42976	1.31565	1.13359	1.44276	-1.34197	-0.734986	-1.04138	1.3975	1.2443	1.12215	1.61019	-1.26164	-0.757315	-1.04153	1.39736	1.24384	1.12233	1.6116	-1.26079	-0.758156	-1.04151	1.39739	1.2438	1.12248	1.61166	-1.26078
r	RRTStarConfigDefault	3	0	1	8	-1.69006	-0.400001	1.72003	0.950051	0.230035	1.6099	-1.25991	-1.63768	-0.372409	1.68476	0.949942	0.238636	1.56931	-1.3084	-1.4216	-0.283599	1.57258	0.950201	0.268007	1.43912	-1.46375	-1.12337	-0.187186	1.45057	0.950211	0.297186	1.30205	-1.62957	-0.857305	-0.11799	1.36625	0.950363	0.319812	1.2043	-1.74623	-0.774785	-0.10477	1.3498	0.950367	0.322179	1.18583	-1.76708	-0.772544	-0.105081	1.35022	0.950173	0.322583	1.18558	-1.76719	-0.772521	-0.105057	1.35016	0.950183	0.322523	1.18559	-1.76718
r	RRTStarConfigDefault	3	1	1	6	-0.772521	-0.105058	1.35017	0.950183	0.322528	1.18559	-1.76718	-0.736135	-0.12166	1.36281	1.03154	0.331405	1.1791	-1.75667	-0.506057	-0.185304	1.41191	1.31743	0.367653	1.15189	-1.72208	-0.326794	-0.208637	1.42781	1.41647	0.378523	1.14221	-1.71015	-0.315154	-0.208728	1.42884	1.41642	0.379819	1.14316	-1.7101	-0.314881	-0.208635	1.42868	1.41645	0.379679	1.14315	-1.71008
r	RRTStarConfigDefault	3	2	1	8	-0.314868	-0.208641	1.42867	1.41646	0.379667	1.14314	-1.71009	-0.260931	-0.232767	1.42108	1.39423	0.418521	1.05975	-1.7236	-0.0478502	-0.306711	1.39892	1.3265	0.536705	0.805979	-1.76502	0.249653	-0.388358	1.37361	1.2537	0.66648	0.529761	-1.80895	0.534642	-0.465788	1.35023	1.18465	0.788563	0.26783	-1.85115	0.744336	-0.507096	1.33886	1.14765	0.850467	0.130534	-1.87439	0.779688	-0.50689	1.33848	1.14849	0.850633	0.133015	-1.87403	0.780301	-0.506864	1.33845	1.14847	0.850629	0.132972	-1.87403
r	RRTStarConfigDefault	3	3	1	8	0.780309	-0.506866	1.33845	1.14847	0.85063	0.132973	-1.87403	0.728304	-0.544937	1.36061	1.19472	0.880772	0.178306	-1.8617	0.515972	-0.663982	1.43048	1.33631	0.974208	0.31795	-1.82264	0.218728	-0.796458	1.50632	1.49241	1.0782	0.471749	-1.78276	-0.0663199	-0.908942	1.56882	1.62256	1.16444	0.600192	-1.74804	-0.191752	-0.941993	1.58685	1.66091	1.18792	0.637415	-1.73799	-0.202332	-0.942039	1.58758	1.66027	1.18889	0.637837	-1.7379	-0.202726	-0.942036	1.58758	1.66022	1.18893	0.637792	-1.73791
r	RRTStarConfigDefault	3	4	1	7	-0.202741	-0.942036	1.58757	1.66022	1.18893	0.637789	-1.73791	-0.237295	-0.951359	1.5697	1.62179	1.18209	0.728676	-1.6931	-0.375807	-0.985456	1.50401	1.48002	1.16063	1.06031	-1.52985	-0.598937	-1.02553	1.42788	1.31608	1.13671	1.44621	-1.34329	-0.736919	-1.04321	1.39513	1.24541	1.12599	1.61188	-1.26203	-0.75832	-1.0432	1.3953	1.24561	1.1258	1.61202	-1.26178	-0.759126	-1.04319	1.39535	1.24558	1.12592	1.61208	-1.26177
r	RRTStarConfigDefault	4	0	1	8	-1.69002	-0.400075	1.72009	0.949984	0.229917	1.60998	-1.26006	-1.63717	-0.372405	1.68462	0.949886	0.238743	1.56918	-1.30856	-1.41997	-0.283172	1.57176	0.949842	0.268618	1.43836	-1.46365	-1.1218	-0.186215	1.45001	0.94983	0.297898	1.30055	-1.63102	-0.856697	-0.117127	1.36629	0.950379	0.320208	1.20435	-1.74726	-0.775701	-0.104321	1.35005	0.950141	0.322305	1.18657	-1.7676	-0.772993	-0.104478	1.35053	0.949996	0.322862	1.18652	-1.76766	-0.772961	-0.104484	1.35051	0.949994	0.322826	1.1865	-1.76766
r	RRTStarConfigDefault	4	1	1	6	-0.772961	-0.104482	1.35051	0.949995	0.322826	1.1865	-1.76766	-0.736053	-0.121289	1.36332	1.03158	0.332077	1.18119	-1.7569	-0.505882	-0.185137	1.41213	1.31865	0.36952	1.15136	-1.7207	-0.32675	-0.208314	1.42762	1.41621	0.378724	1.14276	-1.70947	-0.315164	-0.208462	1.42872	1.41599	0.380008	1.14341	-1.70953	-0.314891	-0.20837	1.42858	1.41601	0.379888	1.14335	-1.70953
r	RRTStarConfigDefault	4	2	1	8	-0.314878	-0.208376	1.42856	1.41601	0.37987	1.14334	-1.70953	-0.26163	-0.232164	1.42127	1.39407	0.418166	1.06087	-1.72311	-0.0489925	-0.305464	1.39953	1.32654	0.535133	0.806759	-1.76422	0.24806	-0.386493	1.37553	1.2538	0.663966	0.531865	-1.80944	0.5334	-0.463841	1.35232	1.18387	0.784983	0.265939	-1.85221	0.742743	-0.504831	1.34115	1.14811	0.848268	0.13216	-1.87417	0.778559	-0.504659	1.34083	1.14863	0.848055	0.133871	-1.87378	0.779191	-0.504636	1.3408	1.14861	0.848051	0.13383	-1.87378
r	RRTStarConfigDefault	4	3	1	8	0.779201	-0.504637	1.3408	1.14861	0.848051	0.133831	-1.87378	0.723491	-0.544631	1.36378	1.19686	0.880001	0.180891	-1.86053	0.505525	-0.666966	1.43387	1.34185	0.975998	0.324303	-1.82107	0.208097	-0.800672	1.50899	1.49808	1.08025	0.478261	-1.77981	-0.0738392	-0.910894	1.57077	1.62329	1.16621	0.602549	-1.74527	-0.192229	-0.94156	1.58622	1.65947	1.18791	0.636695	-1.73591	-0.201676	-0.941677	1.58683	1.65953	1.18815	0.637496	-1.73577	-0.202044	-0.941674	1.58685	1.65948	1.1882	0.637495	-1.73577
r	RRTStarConfigDefault	4	4	1	7	-0.202058	-0.941674	1.58685	1.65948	1.18821	0.637492	-1.73577	-0.236449	-0.951305	1.56893	1.62125	1.18195	0.728115	-1.69156	-0.374656	-0.985402	1.50424	1.4809	1.15998	1.05628	-1.53022	-0.597995	-1.02599	1.42815	1.31538	1.13558	1.44643	-1.34259	-0.736759	-1.04387	1.39586	1.24497	1.12474	1.61171	-1.26157	-0.75848	-1.04387	1.39601	1.24501	1.12494	1.61202	-1.26159	-0.7593	-1.04386	1.39605	1.24498	1.12508	1.61208	-1.26158
r	RRTConfigDefault	0	0	1	8	-1.68997	-0.399915	1.71991	0.949941	0.230024	1.61005	-1.26007	-1.63791	-0.372486	1.68457	0.949816	0.239075	1.5691	-1.30787	-1.42098	-0.28376	1.57167	0.949101	0.266831	1.43999	-1.46206	-1.12342	-0.187497	1.45045	0.949037	0.296744	1.30292	-1.62738	-0.856557	-0.118326	1.36603	0.948688	0.319558	1.20436	-1.74468	-0.773859	-0.105059	1.34963	0.948703	0.321901	1.18626	-1.76528	-0.771662	-0.105377	1.35004	0.9485	0.322286	1.18599	-1.7654	-0.77164	-0.105353	1.34998	0.948513	0.322227	1.186	-1.76539
r	RRTConfigDefault	0	1	1	11	-0.77164	-0.105353	1.34998	0.948512	0.322232	1.186	-1.76539	-0.73402	-0.133054	1.27225	0.970895	0.381784	1.22222	-1.78016	-0.54752	-0.23829	0.974963	1.05605	0.609644	1.35902	-1.83545	-0.320456	-0.340132	0.691743	1.13748	0.824821	1.49138	-1.88956	-0.0798529	-0.448658	0.391175	1.2236	1.05595	1.63063	-1.94619	0.161731	-0.557491	0.0889752	1.31076	1.28715	1.77032	-2.00342	0.402405	-0.665314	-0.210565	1.39647	1.51534	1.90969	-2.06039	0.641672	-0.771611	-0.504027	1.48007	1.74145	2.04581	-2.11457	0.783792	-0.809995	-0.606021	1.51016	1.81841	2.09316	-2.13352	0.800679	-0.810509	-0.606348	1.50968	1.81998	2.09374	-2.13394	0.801182	-0.810508	-0.606359	1.50967	1.82001	2.09367	-2.13397
r	RRTConfigDefault	0	2	0	0
r	RRTConfigDefault	0	3	1	14	0.801197	-0.810508	-0.606359	1.50967	1.82001	2.09367	-2.13396	0.805887	-0.780852	-0.664203	1.517	1.72653	2.08047	-2.08582	0.82153	-0.677597	-0.865751	1.54226	1.40211	2.03267	-1.91876	0.837912	-0.555655	-1.09861	1.57146	1.02321	1.97654	-1.72524	0.857852	-0.425482	-1.34897	1.60303	0.6206	1.91903	-1.51833	0.876351	-0.294538	-1.59534	1.63382	0.219916	1.85869	-1.31362	0.895818	-0.166901	-1.84438	1.66503	-0.179232	1.80101	-1.10803	0.914913	-0.0371044	-2.09127	1.69593	-0.579885	1.74341	-0.902006	0.934347	0.0920647	-2.339	1.72745	-0.976652	1.68306	-0.698616	0.953085	0.215152	-2.57419	1.75712	-1.35869	1.63009	-0.500643	0.970639	0.342562	-2.82387	1.78635	-1.75639	1.56539	-0.310889	0.983012	0.414433	-2.95178	1.80436	-1.96949	1.53988	-0.186552	0.984308	0.425577	-2.97176	1.80672	-2.00194	1.53498	-0.170621	0.984056	0.425586	-2.97177	1.80673	-2.00194	1.53491	-0.17061
r	RRTConfigDefault	0	4	1	6	0.984049	0.425585	-2.97177	1.80673	-2.00194	1.53491	-0.17061	0.943299	0.369945	-2.92482	1.7377	-1.93851	1.60512	-0.157518	0.717234	0.144459	-2.74609	1.48624	-1.70251	1.85841	-0.117633	0.491464	0.0129613	-2.64702	1.34422	-1.56858	2.00016	-0.097836	0.456606	0.00946231	-2.64531	1.34186	-1.56599	2.00306	-0.0980796	0.455614	0.00945518	-2.64536	1.34188	-1.566	2.00327	-0.0980762
r	RRTConfigDefault	1	0	1	8	-1.69009	-0.400007	1.71992	0.950042	0.229948	1.60994	-1.26003	-1.63596	-0.371684	1.68381	0.949648	0.239281	1.56768	-1.30958	-1.41607	-0.281496	1.56954	0.948845	0.267669	1.43798	-1.46508	-1.10311	-0.180107	1.4424	0.948382	0.299481	1.29401	-1.63936	-0.853795	-0.116499	1.36546	0.947931	0.320532	1.2043	-1.74631	-0.773765	-0.103948	1.35017	0.947649	0.322532	1.18768	-1.76591	-0.771746	-0.104214	1.35038	0.947524	0.322704	1.18756	-1.76598	-0.771727	-0.104184	1.35033	0.947536	0.322657	1.18758	-1.76597
r	RRTConfigDefault	1	1	1	6	-0.771727	-0.104185	1.35033	0.947535	0.322662	1.18758	-1.76597	-0.733594	-0.121759	1.36377	1.03295	0.333047	1.18079	-1.755	-0.502332	-0.185358	1.41201	1.3178	0.367686	1.15231	-1.7214	-0.326762	-0.208674	1.42785	1.41677	0.37893	1.14173	-1.70958	-0.315299	-0.208751	1.42883	1.41664	0.380065	1.14254	-1.70959	-0.315028	-0.208666	1.42869	1.41666	0.379941	1.14251	-1.70958
r	RRTConfigDefault	1	2	1	8	-0.315015	-0.208671	1.42868	1.41666	0.379929	1.14249	-1.70959	-0.262053	-0.232381	1.42128	1.39474	0.418237	1.06056	-1.72305	-0.0503183	-0.305866	1.39896	1.32777	0.536317	0.809874	-1.76432	0.247483	-0.387283	1.37397	1.25396	0.665388	0.532305	-1.80822	0.547509	-0.468778	1.34943	1.18025	0.794446	0.25665	-1.85363	0.747886	-0.506682	1.33937	1.14803	0.850816	0.136599	-1.87404	0.779131	-0.506198	1.33852	1.14809	0.851151	0.13523	-1.87369	0.779634	-0.506198	1.33853	1.14807	0.851157	0.135229	-1.87369
r	RRTConfigDefault	1	3	1	8	0.779641	-0.506199	1.33854	1.14807	0.851157	0.13523	-1.87369	0.72586	-0.54516	1.36098	1.19561	0.882452	0.181408	-1.86163	0.511004	-0.666242	1.43193	1.33862	0.978348	0.322462	-1.82422	0.213762	-0.798892	1.507	1.49549	1.08071	0.475508	-1.78274	-0.0704594	-0.91129	1.57052	1.62371	1.16965	0.601377	-1.75007	-0.193333	-0.943599	1.58698	1.66223	1.19218	0.636559	-1.7408	-0.203524	-0.943679	1.58773	1.66185	1.19291	0.637237	-1.74068	-0.20391	-0.943675	1.58774	1.6618	1.19296	0.63721	-1.74068
r	RRTConfigDefault	1	4	1	7	-0.203924	-0.943675	1.58774	1.6618	1.19296	0.637206	-1.74068	-0.233645	-0.952167	1.57173	1.62707	1.18784	0.718762	-1.70108	-0.36097	-0.983972	1.50879	1.49273	1.16734	1.03261	-1.54795	-0.591843	-1.0265	1.42643	1.31853	1.13891	1.43939	-1.34805	-0.732343	-1.04427	1.39355	1.24762	1.1285	1.60761	-1.26582	-0.756809	-1.04488	1.39237	1.24489	1.12814	1.61431	-1.26273	-0.757682	-1.04485	1.39234	1.24488	1.12821	1.61428	-1.26273
r	RRTConfigDefault	2	0	1	19	-1.69007	-0.39993	1.71996	0.950005	0.230066	1.60994	-1.26007	-1.66364	-0.376043	1.61089	0.952145	0.183561	1.61149	-1.25957	-1.59282	-0.319105	1.35489	0.957462	0.0749621	1.61528	-1.25702	-1.49172	-0.251512	1.0551	0.963575	-0.0513347	1.61936	-1.25439	-1.38914	-0.184266	0.754452	0.969789	-0.17779	1.62432	-1.2522	-1.28667	-0.116915	0.454409	0.975843	-0.305507	1.6285	-1.25101	-1.18459	-0.0497593	0.154909	0.982172	-0.432087	1.63253	-1.24665	-1.07733	0.0208213	-0.16013	0.988525	-0.563971	1.63779	-1.24414	-0.975198	0.0880795	-0.460064	0.994569	-0.692161	1.64149	-1.24208	-0.872566	0.156054	-0.760624	1.00089	-0.819502	1.64706	-1.24056	-0.769991	0.22283	-1.06095	1.00682	-0.945525	1.65075	-1.23953	-0.667117	0.290275	-1.3605	1.01305	-1.07248	1.65486	-1.23602	-0.564027	0.357452	-1.65991	1.01916	-1.19994	1.65932	-1.23352	-0.465993	0.421397	-1.945	1.02498	-1.32082	1.66391	-1.23119	-0.363237	0.488861	-2.2458	1.03099	-1.44904	1.66829	-1.22875	-0.259356	0.556212	-2.54448	1.03744	-1.57385	1.6717	-1.22651	-0.163193	0.609747	-2.77857	1.04202	-1.67376	1.67556	-1.22458	-0.121358	0.62903	-2.86346	1.04392	-1.70915	1.67655	-1.22398	-0.121871	0.629028	-2.86352	1.0438	-1.70951	1.67701	-1.22388
r	RRTConfigDefault	2	1	1	7	-0.121885	0.62903	-2.86353	1.0438	-1.70949	1.67708	-1.22387	-0.0757645	0.646943	-2.86459	1.09584	-1.68571	1.69049	-1.17702	0.143252	0.712967	-2.86921	1.28918	-1.5914	1.74616	-1.00682	0.43708	0.778518	-2.87407	1.47416	-1.50463	1.79605	-0.837994	0.5734	0.7949	-2.87477	1.52046	-1.48074	1.81158	-0.798172	0.58251	0.794893	-2.87451	1.52044	-1.48087	1.81107	-0.798165	0.582779	0.794895	-2.87449	1.52044	-1.48087	1.81102	-0.798169
r	RRTConfigDefault	2	2	1	8	0.582788	0.794896	-2.87449	1.52043	-1.48087	1.81102	-0.798169	0.62848	0.765299	-2.88991	1.49807	-1.55912	1.73796	-0.778085	0.840021	0.653542	-2.94806	1.41288	-1.85481	1.45886	-0.700814	1.13732	0.532871	-3.01022	1.32364	-2.1694	1.16401	-0.619948	1.3877	0.454692	-3.04971	1.26681	-2.36663	0.977512	-0.570226	1.44794	0.445039	-3.05418	1.26024	-2.39021	0.955175	-0.563397	1.44914	0.445064	-3.05418	1.26026	-2.3901	0.955246	-0.563318	1.44915	0.445062	-3.05418	1.26026	-2.39009	0.955241	-0.56332
r	RRTConfigDefault	2	3	1	7	1.44915	0.445062	-3.05418	1.26026	-2.3901	0.955241	-0.56332	1.42204	0.440191	-3.03092	1.3206	-2.35622	1.03029	-0.524746	1.29334	0.417534	-2.92661	1.59107	-2.20445	1.36429	-0.355983	1.13225	0.401915	-2.8555	1.77682	-2.09945	1.59488	-0.237392	1.0945	0.399676	-2.84462	1.80413	-2.0834	1.62827	-0.219735	1.09337	0.39965	-2.84463	1.80413	-2.08344	1.62804	-0.219752	1.09333	0.39965	-2.84463	1.80413	-2.08344	1.62804	-0.219752
r	RRTConfigDefault	2	4	1	7	1.09333	0.399649	-2.84463	1.80413	-2.08344	1.62804	-0.219752	1.05053	0.348907	-2.81067	1.74504	-2.02829	1.68241	-0.205854	0.828538	0.139493	-2.67522	1.51445	-1.81292	1.89707	-0.145752	0.57287	-0.0100564	-2.58241	1.35581	-1.66449	2.04491	-0.10608	0.511742	-0.0275051	-2.57213	1.33817	-1.64742	2.06141	-0.100748	0.509644	-0.0275189	-2.57217	1.33817	-1.64736	2.06159	-0.100713	0.509581	-0.0275188	-2.57216	1.33817	-1.64735	2.06157	-0.100713
r	RRTConfigDefault	3	0	1	8	-1.68995	-0.399981	1.71994	0.950042	0.229973	1.61009	-1.25992	-1.63764	-0.372431	1.68467	0.950066	0.238907	1.56915	-1.30835	-1.42116	-0.283702	1.57197	0.949839	0.268019	1.43761	-1.46236	-1.12319	-0.187249	1.45087	0.950881	0.297318	1.30029	-1.62936	-0.857716	-0.117804	1.36597	0.951388	0.318128	1.20213	-1.7454	-0.775153	-0.105032	1.35034	0.951424	0.321716	1.18459	-1.76642	-0.772917	-0.105306	1.35063	0.951223	0.321962	1.18424	-1.76655	-0.772895	-0.105281	1.35058	0.951232	0.32191	1.18425	-1.76654
r	RRTConfigDefault	3	1	1	6	-0.772895	-0.105282	1.35059	0.951232	0.321915	1.18425	-1.76654	-0.737493	-0.120975	1.36227	1.02697	0.330261	1.17985	-1.75688	-0.50918	-0.184119	1.4116	1.31229	0.367118	1.151	-1.72129	-0.326691	-0.208087	1.42806	1.41376	0.37803	1.14229	-1.70909	-0.314394	-0.208087	1.42899	1.41431	0.379444	1.14448	-1.70866	-0.314121	-0.207987	1.42878	1.41444	0.379243	1.14468	-1.70859
r	RRTConfigDefault	3	2	1	8	-0.314113	-0.207997	1.42879	1.41445	0.379245	1.14471	-1.70858	-0.253579	-0.234696	1.42062	1.38944	0.420772	1.05196	-1.72325	-0.0446908	-0.307773	1.39714	1.32431	0.537652	0.805825	-1.76221	0.267834	-0.394232	1.36985	1.24733	0.672751	0.516738	-1.80783	0.553117	-0.472792	1.345	1.17734	0.79576	0.254089	-1.84998	0.750859	-0.510144	1.335	1.14679	0.850858	0.138622	-1.86875	0.780859	-0.509664	1.33403	1.14648	0.850725	0.136872	-1.86886	0.781329	-0.50967	1.33406	1.14646	0.850733	0.136878	-1.86886
r	RRTConfigDefault	3	3	1	8	0.781336	-0.50967	1.33406	1.14646	0.850733	0.136878	-1.86886	0.727966	-0.548724	1.35677	1.1941	0.881874	0.182637	-1.85652	0.526392	-0.662695	1.42351	1.32985	0.971808	0.318267	-1.82151	0.229572	-0.796172	1.50028	1.48567	1.07556	0.470228	-1.77985	-0.0580611	-0.91169	1.56353	1.62078	1.16459	0.600406	-1.74619	-0.190413	-0.94688	1.58402	1.65992	1.19152	0.639866	-1.73568	-0.201864	-0.946871	1.5845	1.65916	1.19245	0.639791	-1.73568	-0.20229	-0.946871	1.58448	1.65915	1.19245	0.639742	-1.73569
r	RRTConfigDefault	3	4	1	7	-0.202307	-0.946872	1.58448	1.65915	1.19244	0.639741	-1.73569	-0.236101	-0.95622	1.56651	1.62153	1.18658	0.72924	-1.69245	-0.363398	-0.987717	1.50458	1.48933	1.16848	1.03966	-1.54329	-0.58497	-1.02853	1.42627	1.32354	1.14372	1.42948	-1.35281	-0.729983	-1.04703	1.39134	1.24954	1.13221	1.60627	-1.26809	-0.756878	-1.04808	1.3893	1.24521	1.13172	1.61601	-1.26347	-0.757839	-1.04808	1.38925	1.24523	1.13163	1.6159	-1.26349
r	RRTConfigDefault	4	0	1	8	-1.68999	-0.40003	1.72001	0.949972	0.230034	1.61005	-1.26	-1.63706	-0.372408	1.68464	0.949913	0.238911	1.56877	-1.30876	-1.41977	-0.283383	1.57091	0.950375	0.267969	1.43835	-1.46504	-1.12163	-0.186934	1.44982	0.951024	0.297782	1.2989	-1.63092	-0.865144	-0.119834	1.36778	0.951651	0.318209	1.20455	-1.74298	-0.77522	-0.105391	1.34992	0.951749	0.322073	1.18414	-1.76709	-0.77305	-0.105689	1.35027	0.951586	0.322401	1.18396	-1.76718	-0.773028	-0.105663	1.35022	0.951597	0.322345	1.18397	-1.76717
r	RRTConfigDefault	4	1	1	6	-0.773028	-0.105664	1.35022	0.951596	0.32235	1.18397	-1.76717	-0.73709	-0.121608	1.36219	1.02854	0.33068	1.17977	-1.757	-0.507644	-0.184687	1.41085	1.31134	0.367226	1.15365	-1.72195	-0.326192	-0.208356	1.42723	1.4135	0.378898	1.14374	-1.70876	-0.313918	-0.208417	1.4282	1.41361	0.380223	1.1452	-1.70858	-0.313619	-0.208316	1.42798	1.41365	0.380021	1.14515	-1.70857
r	RRTConfigDefault	4	2	1	8	-0.313625	-0.208331	1.42803	1.41368	0.380062	1.14526	-1.70855	-0.259958	-0.23209	1.42103	1.39196	0.418313	1.06188	-1.72185	-0.0465962	-0.306359	1.39813	1.32537	0.538249	0.807458	-1.7639	0.251228	-0.387895	1.37357	1.25223	0.66699	0.530171	-1.81127	0.536273	-0.465514	1.35075	1.18333	0.79001	0.265615	-1.85379	0.744527	-0.50641	1.33963	1.14781	0.850804	0.131144	-1.87619	0.779417	-0.506127	1.33926	1.14872	0.851139	0.133197	-1.87574	0.780025	-0.506103	1.33923	1.1487	0.851136	0.133158	-1.87575
r	RRTConfigDefault	4	3	1	8	0.780033	-0.506105	1.33924	1.1487	0.851136	0.13316	-1.87575	0.724265	-0.54602	1.36248	1.19692	0.882737	0.180657	-1.86248	0.506355	-0.668153	1.43316	1.34206	0.978598	0.323731	-1.82327	0.208632	-0.801605	1.50848	1.49857	1.08224	0.477478	-1.78152	-0.0736482	-0.912111	1.57055	1.62466	1.16942	0.602484	-1.74834	-0.193497	-0.943306	1.58642	1.66136	1.19162	0.636887	-1.73926	-0.203113	-0.943413	1.58713	1.66124	1.19209	0.637716	-1.73911	-0.203483	-0.943409	1.58715	1.66118	1.19216	0.637704	-1.73911
r	RRTConfigDefault	4	4	1	7	-0.203497	-0.943408	1.58715	1.66118	1.19216	0.6377	-1.73911	-0.238606	-0.952984	1.56853	1.62193	1.18565	0.729688	-1.69394	-0.377934	-0.986891	1.50178	1.47823	1.16387	1.06435	-1.5293	-0.59916	-1.02682	1.42429	1.31297	1.13738	1.45192	-1.33985	-0.734832	-1.04384	1.39233	1.24453	1.1272	1.61299	-1.26195	-0.756085	-1.04396	1.39231	1.24417	1.12716	1.61387	-1.26144	-0.756895	-1.04394	1.39235	1.24413	1.12731	1.61392	-1.26144
r	SBLConfigDefault	0	0	1	8	-1.69001	-0.400096	1.71999	0.949977	0.229958	1.61001	-1.26009	-1.63823	-0.372598	1.6852	0.949739	0.238978	1.56873	-1.3082	-1.42284	-0.283584	1.57242	0.949492	0.266933	1.44036	-1.46309	-1.12477	-0.187325	1.45203	0.949772	0.296946	1.30258	-1.62753	-0.858227	-0.117456	1.36714	0.949816	0.319861	1.20489	-1.74562	-0.775046	-0.103952	1.35027	0.949754	0.322346	1.18625	-1.7669	-0.77276	-0.104265	1.35072	0.94955	0.322788	1.18599	-1.76701	-0.772736	-0.104244	1.35066	0.94956	0.322728	1.186	-1.76701
r	SBLConfigDefault	0	1	1	6	-0.772736	-0.104244	1.35066	0.94956	0.322733	1.186	-1.76701	-0.734142	-0.121938	1.36421	1.03479	0.333124	1.18031	-1.75585	-0.500911	-0.186405	1.41279	1.32027	0.367215	1.15289	-1.72191	-0.326247	-0.208814	1.42807	1.41745	0.378421	1.14349	-1.70952	-0.315246	-0.209039	1.42906	1.4169	0.379349	1.14306	-1.70985	-0.314977	-0.208972	1.42902	1.41684	0.379327	1.14286	-1.70989
r	SBLConfigDefault	0	2	1	8	-0.31496	-0.208971	1.42899	1.41683	0.379296	1.1428	-1.7099	-0.262198	-0.232919	1.42111	1.3949	0.417593	1.06158	-1.72296	-0.0507096	-0.306909	1.39761	1.32773	0.535423	0.811124	-1.76249	0.246984	-0.389069	1.37165	1.25322	0.663968	0.534166	-1.80626	0.546845	-0.471279	1.34593	1.1793	0.791711	0.258965	-1.84875	0.748934	-0.510276	1.3349	1.14622	0.850492	0.137147	-1.86956	0.780825	-0.509794	1.3341	1.14657	0.850928	0.136276	-1.86897	0.781341	-0.509788	1.33411	1.14654	0.850932	0.136268	-1.86898
r	SBLConfigDefault	0	3	1	8	0.781349	-0.509789	1.33411	1.14654	0.850932	0.136268	-1.86898	0.73219	-0.54666	1.35577	1.1912	0.880729	0.179155	-1.85722	0.521371	-0.66527	1.42603	1.33234	0.975392	0.318291	-1.82279	0.209371	-0.804544	1.50587	1.49671	1.0844	0.478997	-1.78076	-0.0734018	-0.915263	1.5689	1.62425	1.17075	0.604424	-1.74764	-0.193278	-0.945954	1.58503	1.66022	1.19257	0.638241	-1.73849	-0.202658	-0.946088	1.5857	1.66037	1.19275	0.63921	-1.73832	-0.203063	-0.946086	1.58569	1.66033	1.19278	0.639155	-1.73833
r	SBLConfigDefault	0	4	1	7	-0.203079	-0.946086	1.58569	1.66034	1.19277	0.639153	-1.73833	-0.237347	-0.955517	1.56738	1.62169	1.18651	0.730041	-1.69389	-0.3753	-0.989196	1.50027	1.47948	1.16462	1.06355	-1.53153	-0.596889	-1.02903	1.42254	1.31555	1.14037	1.44951	-1.34441	-0.734258	-1.04633	1.3901	1.24605	1.13034	1.61283	-1.26538	-0.756615	-1.04655	1.38984	1.24527	1.13051	1.61558	-1.26388	-0.757449	-1.04652	1.38986	1.24524	1.13065	1.61564	-1.26387
r	SBLConfigDefault	1	0	1	8	-1.68996	-0.399913	1.71991	0.950027	0.229928	1.61004	-1.26005	-1.63588	-0.371735	1.68372	0.949939	0.239232	1.568	-1.30955	-1.41712	-0.28202	1.57045	0.950207	0.267718	1.43746	-1.46563	-1.11866	-0.185577	1.44924	0.950259	0.299032	1.29864	-1.63268	-0.85498	-0.117024	1.36595	0.950749	0.320208	1.20218	-1.7467	-0.77465	-0.104519	1.351	0.950414	0.322749	1.1846	-1.76633	-0.773033	-0.104566	1.3508	0.950458	0.32252	1.18477	-1.76627	-0.773016	-0.104544	1.35079	0.950461	0.322513	1.18478	-1.76627
r	SBLConfigDefault	1	1	1	6	-0.773016	-0.104546	1.35079	0.95046	0.322516	1.18478	-1.76627	-0.735723	-0.121445	1.36366	1.0322	0.331561	1.18023	-1.75569	-0.504657	-0.185349	1.41245	1.31719	0.366781	1.15526	-1.72164	-0.326993	-0.208313	1.42816	1.41663	0.378265	1.14321	-1.70938	-0.315349	-0.208442	1.42914	1.41627	0.379377	1.14345	-1.70954	-0.315069	-0.208364	1.42904	1.41625	0.379296	1.14332	-1.70955
r	SBLConfigDefault	1	2	1	8	-0.315053	-0.208367	1.42902	1.41624	0.379276	1.14329	-1.70956	-0.264104	-0.231911	1.42112	1.39489	0.416673	1.06407	-1.72186	-0.0556559	-0.305534	1.39782	1.32834	0.533562	0.817154	-1.76115	0.242295	-0.38822	1.37059	1.25387	0.66235	0.541164	-1.80531	0.527188	-0.466987	1.34527	1.18381	0.785632	0.280054	-1.84585	0.74239	-0.511132	1.33175	1.14547	0.852183	0.136617	-1.86842	0.781552	-0.511217	1.33197	1.1457	0.851759	0.137913	-1.86841	0.782269	-0.511182	1.33191	1.14569	0.851748	0.13785	-1.86841
r	SBLConfigDefault	1	3	1	8	0.782278	-0.511183	1.33191	1.14569	0.851749	0.137851	-1.86841	0.728283	-0.550422	1.35476	1.19365	0.883655	0.184341	-1.85665	0.511166	-0.671654	1.42647	1.33842	0.980964	0.325384	-1.82061	0.213854	-0.804093	1.50299	1.49453	1.08559	0.478214	-1.78137	-0.0703027	-0.915866	1.56675	1.62345	1.17236	0.604619	-1.74836	-0.193018	-0.947711	1.58368	1.66074	1.19545	0.639738	-1.73957	-0.203039	-0.947806	1.5844	1.6605	1.19602	0.640487	-1.73943	-0.203423	-0.947801	1.58441	1.66045	1.19608	0.640467	-1.73943
r	SBLConfigDefault	1	4	1	7	-0.203437	-0.947801	1.58441	1.66045	1.19609	0.640463	-1.73943	-0.23715	-0.957087	1.56635	1.62272	1.19	0.729537	-1.69609	-0.37305	-0.990853	1.49949	1.48125	1.16856	1.05972	-1.53307	-0.593574	-1.03098	1.42063	1.316	1.14291	1.44627	-1.34606	-0.731624	-1.04873	1.38734	1.24591	1.13266	1.61194	-1.26477	-0.754887	-1.04921	1.38648	1.24392	1.1322	1.61711	-1.26268	-0.755738	-1.04918	1.38648	1.24389	1.13233	1.61714	-1.26267
r	SBLConfigDefault	2	0	1	8	-1.68995	-0.399968	1.72007	0.949949	0.229904	1.60992	-1.25998	-1.63727	-0.372265	1.68459	0.949729	0.238708	1.5688	-1.30862	-1.42052	-0.283217	1.57158	0.94966	0.267629	1.43922	-1.46386	-1.12232	-0.186855	1.45036	0.949581	0.297788	1.30148	-1.62997	-0.856855	-0.117767	1.36641	0.949778	0.319754	1.20482	-1.74608	-0.774735	-0.104528	1.35002	0.949754	0.322105	1.18687	-1.76688	-0.772573	-0.10486	1.35044	0.949548	0.3225	1.18659	-1.767	-0.772551	-0.104834	1.35038	0.94956	0.322438	1.1866	-1.76699
r	SBLConfigDefault	2	1	1	6	-0.772551	-0.104835	1.35038	0.94956	0.322443	1.1866	-1.76699	-0.736462	-0.120767	1.36256	1.02717	0.33102	1.18296	-1.75705	-0.508205	-0.183792	1.41153	1.31225	0.3673	1.15441	-1.72296	-0.32686	-0.207541	1.42791	1.41491	0.378433	1.14272	-1.71056	-0.315	-0.207603	1.4288	1.41526	0.379738	1.14445	-1.71024	-0.31474	-0.207513	1.42862	1.41536	0.379578	1.1446	-1.71019
r	SBLConfigDefault	2	2	0	0
r	SBLConfigDefault	2	3	1	6	-0.314731	-0.207521	1.42863	1.41537	0.379574	1.14462	-1.71018	-0.299083	-0.25613	1.46738	1.44198	0.412547	1.06753	-1.68136	-0.248042	-0.462965	1.62787	1.55445	0.548976	0.740981	-1.56011	-0.175006	-0.633188	1.75787	1.64261	0.658903	0.488572	-1.46426	-0.160772	-0.661506	1.77663	1.65732	0.675777	0.445903	-1.44873	-0.160905	-0.661367	1.77591	1.65729	0.675494	0.445321	-1.44879
r	SBLConfigDefault	2	4	1	7	-0.160907	-0.661353	1.77587	1.65728	0.67548	0.445284	-1.44879	-0.196768	-0.668131	1.77349	1.61869	0.678253	0.536258	-1.41808	-0.34188	-0.692404	1.7642	1.47628	0.688148	0.868647	-1.30532	-0.576369	-0.721184	1.75335	1.31027	0.700601	1.25643	-1.17453	-0.724895	-0.733737	1.74934	1.23945	0.706796	1.42335	-1.1173	-0.75004	-0.733931	1.74897	1.23769	0.706647	1.42759	-1.11673	-0.750909	-0.733961	1.74898	1.2377	0.706643	1.42755	-1.11674
r	SBLConfigDefault	3	0	1	8	-1.69001	-0.400063	1.72002	0.949901	0.230046	1.60991	-1.26005	-1.63737	-0.372411	1.68478	0.949699	0.238666	1.56909	-1.30827	-1.42062	-0.283113	1.57136	0.949408	0.266927	1.4394	-1.46344	-1.12244	-0.186965	1.4506	0.949414	0.297215	1.30173	-1.629	-0.856727	-0.117745	1.36622	0.949614	0.319677	1.20455	-1.74591	-0.774522	-0.104518	1.35001	0.949549	0.322021	1.18637	-1.76661	-0.772292	-0.104825	1.3504	0.949367	0.322401	1.18616	-1.76671	-0.772269	-0.104801	1.35035	0.949378	0.322343	1.18617	-1.7667
r	SBLConfigDefault	3	1	1	6	-0.772269	-0.104802	1.35035	0.949377	0.322348	1.18617	-1.7667	-0.73619	-0.120999	1.36258	1.02817	0.330945	1.18158	-1.75639	-0.50708	-0.183977	1.41143	1.31181	0.36731	1.15152	-1.72231	-0.326842	-0.207743	1.42786	1.41394	0.378629	1.14248	-1.7101	-0.314588	-0.207768	1.42865	1.41451	0.379914	1.14449	-1.70963	-0.314321	-0.207678	1.42846	1.41463	0.379733	1.1447	-1.70956
r	SBLConfigDefault	3	2	1	8	-0.314315	-0.207687	1.42847	1.41465	0.379736	1.14473	-1.70955	-0.25979	-0.232055	1.42085	1.39236	0.419048	1.0608	-1.72299	-0.0456631	-0.306432	1.39821	1.32534	0.538038	0.806394	-1.76372	0.25205	-0.388159	1.37335	1.252	0.666687	0.529328	-1.80854	0.552126	-0.470124	1.34864	1.17864	0.795681	0.251362	-1.85318	0.749718	-0.506906	1.33903	1.14824	0.850607	0.136719	-1.87244	0.779509	-0.506436	1.33814	1.14778	0.85041	0.134886	-1.87265	0.779972	-0.50644	1.33816	1.14776	0.850417	0.134891	-1.87265
r	SBLConfigDefault	3	3	1	22	0.779979	-0.506441	1.33816	1.14776	0.850417	0.134891	-1.87265	0.775575	-0.518385	1.36045	1.13829	0.821092	0.158933	-1.77418	0.761635	-0.555587	1.43214	1.10801	0.726094	0.235688	-1.46117	0.743613	-0.605048	1.52315	1.06938	0.61039	0.334409	-1.06292	0.725438	-0.652939	1.61315	1.03199	0.494399	0.430978	-0.664252	0.70322	-0.69861	1.70351	0.999011	0.396465	0.520532	-0.262795	0.68101	-0.743739	1.79305	0.966078	0.298105	0.610607	0.13761	0.657108	-0.783602	1.87945	0.941453	0.226102	0.687619	0.53788	0.625322	-0.819005	1.96298	0.923544	0.178831	0.754058	0.936183	0.592451	-0.849375	2.04487	0.91433	0.15868	0.808927	1.34011	0.540171	-0.861973	2.11682	0.930496	0.229331	0.8228	1.73621	0.494403	-0.856417	2.15296	0.961454	0.343055	0.799018	1.97757	0.413695	-0.817331	2.17812	1.04579	0.63947	0.697427	2.25143	0.338258	-0.758553	2.16343	1.14566	0.974096	0.554101	2.33819	0.252299	-0.687766	2.13708	1.25975	1.37734	0.387558	2.41574	0.170428	-0.610259	2.09582	1.37749	1.77777	0.206764	2.41835	0.0908978	-0.533357	2.05418	1.49454	2.17385	0.0283094	2.40921	0.0155662	-0.454347	2.00582	1.60968	2.57098	-0.152559	2.3703	-0.0493483	-0.398354	1.97205	1.69243	2.84971	-0.281572	2.3444	-0.0751862	-0.378102	1.96302	1.72188	2.95302	-0.326559	2.33563	-0.0760499	-0.377938	1.96199	1.72206	2.95243	-0.326984	2.33529	-0.0760772	-0.377915	1.96167	1.72214	2.95238	-0.327218	2.3353
r	SBLConfigDefault	3	4	1	7	-0.0760873	-0.377949	1.96172	1.72214	2.95239	-0.32722	2.3353	-0.10584	-0.36537	1.99169	1.68476	2.96253	-0.413279	2.34407	-0.227616	-0.317549	2.10449	1.53961	3.00089	-0.752086	2.37837	-0.421572	-0.263433	2.23158	1.37946	3.04493	-1.12472	2.41582	-0.525702	-0.245774	2.27107	1.32778	3.05745	-1.24469	2.42806	-0.534013	-0.24586	2.2714	1.3284	3.0586	-1.24473	2.42808	-0.534256	-0.245837	2.27135	1.32841	3.05855	-1.24477	2.42808
r	SBLConfigDefault	4	0	1	8	-1.69001	-0.400021	1.71993	0.95004	0.230057	1.61001	-1.26008	-1.63583	-0.371787	1.68345	0.949764	0.239339	1.56838	-1.30981	-1.41612	-0.282133	1.56956	0.949064	0.268255	1.43872	-1.46587	-1.11769	-0.185657	1.44893	0.948252	0.298127	1.29936	-1.63025	-0.853832	-0.117247	1.36554	0.948248	0.319539	1.20437	-1.74425	-0.773712	-0.104532	1.34979	0.948011	0.322613	1.18724	-1.76538	-0.771689	-0.104803	1.35003	0.947877	0.322817	1.18711	-1.76545	-0.77167	-0.104774	1.34998	0.94789	0.322769	1.18713	-1.76544
r	SBLConfigDefault	4	1	1	7	-0.77167	-0.104776	1.34998	0.94789	0.322774	1.18713	-1.76544	-0.76932	-0.108715	1.35332	0.965086	0.325791	1.1859	-1.76359	-0.645805	-0.151907	1.38596	1.16406	0.348654	1.16635	-1.73986	-0.384278	-0.202467	1.42306	1.38878	0.37597	1.14832	-1.71207	-0.316007	-0.209138	1.4283	1.41587	0.379904	1.14432	-1.7091	-0.314267	-0.209065	1.42828	1.41555	0.379977	1.14369	-1.70924	-0.314217	-0.209053	1.42818	1.41552	0.379875	1.14359	-1.70926
r	SBLConfigDefault	4	2	1	8	-0.314218	-0.209061	1.4282	1.41552	0.379894	1.14359	-1.70926	-0.259084	-0.233515	1.42057	1.39292	0.419121	1.05864	-1.72257	-0.0438861	-0.307925	1.39729	1.32473	0.538035	0.803601	-1.76359	0.253801	-0.389543	1.37227	1.25111	0.666314	0.527682	-1.80812	0.553598	-0.471268	1.34724	1.17795	0.795212	0.252876	-1.85108	0.750423	-0.507786	1.33756	1.14765	0.849452	0.138459	-1.86956	0.779893	-0.507313	1.33663	1.14701	0.849053	0.136553	-1.87001	0.780348	-0.507319	1.33665	1.14699	0.849061	0.136561	-1.87001
r	SBLConfigDefault	4	3	1	8	0.780355	-0.50732	1.33665	1.14699	0.849061	0.136561	-1.87001	0.724755	-0.547481	1.3599	1.19565	0.881256	0.183544	-1.85728	0.505209	-0.670761	1.43185	1.34147	0.978372	0.326556	-1.81919	0.20755	-0.8041	1.50758	1.49784	1.08268	0.479661	-1.77926	-0.0748355	-0.915316	1.57046	1.62444	1.16983	0.604029	-1.74655	-0.193491	-0.945812	1.58601	1.66008	1.19159	0.636957	-1.73751	-0.202743	-0.945951	1.58657	1.66034	1.1916	0.637843	-1.73737	-0.20311	-0.945948	1.5866	1.6603	1.19165	0.637855	-1.73736
r	SBLConfigDefault	4	4	1	7	-0.203124	-0.945948	1.5866	1.6603	1.19166	0.637852	-1.73736	-0.238323	-0.955561	1.56798	1.62118	1.18602	0.73004	-1.69311	-0.367802	-0.988088	1.50417	1.48611	1.16529	1.04823	-1.5396	-0.600134	-1.03032	1.4228	1.31447	1.13982	1.45286	-1.34232	-0.73611	-1.04755	1.39103	1.24611	1.13023	1.61314	-1.26408	-0.7578	-1.04774	1.39083	1.24557	1.13019	1.61471	-1.26316	-0.758617	-1.04772	1.39086	1.24554	1.13033	1.61477	-1.26315
