% set_pose_nothing_a_sim_path_res  right_arm  basic_scene %
% right-left-both	planner_name	iteration	num_goal_pose	motion_success	num_saved_position	pose_values:p.x_p.y_p.z_o.w_o.x_o.y_o.z %
r	BKPIECEConfigDefault	0	0	1	8	0.155685	-0.871052	0.396049	0.99691	-0.0177524	0.0169451	0.07462050.161303	-0.874793	0.394651	0.997262	-0.0181488	0.0133153	0.07043640.249454	-0.896683	0.373913	0.997999	-0.0142656	-0.0180753	0.0588930.449897	-0.890185	0.321197	0.996973	0.00427958	-0.0604174	0.0487420.631427	-0.802573	0.248191	0.996258	0.0309153	-0.0613694	0.05241530.716249	-0.71121	0.208754	0.994972	0.0424701	-0.0472314	0.07743220.729886	-0.691007	0.203694	0.994164	0.0438616	-0.0444388	0.08797680.730321	-0.690511	0.204412	0.994108	0.0438093	-0.0448504	0.0884221
r	BKPIECEConfigDefault	0	1	1	12	0.730297	-0.690523	0.204274	0.994113	0.0438327	-0.0447746	0.08839260.729972	-0.691155	0.202918	0.994276	0.0437705	-0.042455	0.08772850.729991	-0.691553	0.201812	0.994393	0.0436427	-0.0409186	0.08720080.773453	-0.632343	0.161874	0.99215	0.0417907	0.0302813	0.1139050.848775	-0.518321	0.143807	0.984515	0.0311355	0.0738599	0.1559020.922616	-0.379196	0.147997	0.976967	0.0166258	0.0810961	0.1966770.97817	-0.206566	0.172003	0.966654	0.00909623	0.0578104	0.2493090.992607	-0.00174839	0.210551	0.946245	0.0128217	0.0181658	0.3226850.935707	0.241729	0.259509	0.903151	0.026773	-0.0253624	0.4277370.815399	0.4366	0.290172	0.846809	0.0387498	-0.0453203	0.5285440.754297	0.501968	0.297385	0.821754	0.0422737	-0.0481882	0.5662260.751032	0.504932	0.297186	0.820571	0.0423036	-0.0480043	0.567951
r	BKPIECEConfigDefault	0	2	1	9	0.751003	0.504959	0.297189	0.820561	0.0423073	-0.0480044	0.5679660.751562	0.504298	0.306604	0.824115	0.0493296	-0.0484545	0.5621860.763727	0.471494	0.367426	0.85389	0.0963436	-0.0339589	0.510330.775027	0.362012	0.432315	0.880169	0.136853	0.0143197	0.4542780.748818	0.221107	0.483279	0.877457	0.141404	0.0533375	0.4552240.701841	0.0579625	0.520814	0.857883	0.105317	0.0460385	0.5008240.659161	-0.1073	0.53518	0.836809	0.0325145	-0.0126387	0.5463830.650783	-0.157159	0.533485	0.836187	0.00724101	-0.03004	0.5475730.65121	-0.157426	0.534012	0.836555	0.00763193	-0.0306626	0.546971
r	BKPIECEConfigDefault	1	0	1	8	0.155728	-0.871042	0.396012	0.996909	-0.0176997	0.0169365	0.07465010.164714	-0.875642	0.392256	0.997326	-0.0168392	0.0125363	0.06999660.261085	-0.898243	0.372361	0.997989	-0.0136333	-0.0220937	0.0578320.464142	-0.885886	0.316099	0.996859	0.00623519	-0.0612375	0.04983120.641694	-0.793957	0.243517	0.996215	0.0322064	-0.0601126	0.05389820.719199	-0.707136	0.206361	0.99497	0.0425251	-0.0460609	0.07813680.730073	-0.690787	0.204095	0.994139	0.0436854	-0.0447057	0.08820480.730285	-0.690509	0.204155	0.994122	0.043601	-0.0446906	0.0884437
r	BKPIECEConfigDefault	1	1	1	13	0.73031	-0.690489	0.204242	0.994118	0.0436071	-0.0447475	0.08846280.729744	-0.690667	0.201037	0.994368	0.0440376	-0.039839	0.08778740.741774	-0.668179	0.180057	0.993939	0.044905	-0.00483654	0.1002290.788846	-0.599867	0.146565	0.989438	0.0400688	0.057648	0.1268190.853827	-0.505516	0.133406	0.983704	0.0274583	0.090194	0.1530920.921098	-0.391985	0.140008	0.979525	0.0143742	0.0897566	0.1796330.977029	-0.249192	0.163522	0.973345	0.00880118	0.0642508	0.2199851.004	-0.0777545	0.198987	0.959509	0.012429	0.0255183	0.2802460.985533	0.111755	0.239004	0.932493	0.0221796	-0.013015	0.3602710.902048	0.31969	0.277808	0.884747	0.0347887	-0.0416152	0.4629050.791787	0.46457	0.294423	0.836371	0.0400364	-0.0482781	0.5445640.752258	0.503867	0.29714	0.8207	0.0412689	-0.0482389	0.5678210.751057	0.504971	0.297208	0.820255	0.0413257	-0.0482349	0.56846
r	BKPIECEConfigDefault	1	2	1	10	0.751047	0.504978	0.297202	0.820252	0.0413242	-0.0482319	0.5684650.743686	0.505234	0.309375	0.814458	0.0461203	-0.0505885	0.5761690.750205	0.447589	0.370913	0.799617	0.0662017	-0.0613387	0.593690.781228	0.301707	0.453689	0.79768	0.0752009	-0.0811166	0.5928510.772528	0.151659	0.509692	0.799301	0.0630511	-0.0891555	0.5909260.728094	0.0265337	0.535595	0.802227	0.0398233	-0.0776332	0.5906090.668404	-0.0855075	0.537492	0.813994	0.0148587	-0.0458661	0.5788690.649551	-0.147663	0.534868	0.83225	0.00692751	-0.0312609	0.5534750.651073	-0.157014	0.534019	0.836477	0.00664017	-0.0306248	0.5471050.651213	-0.157393	0.534055	0.83669	0.00665795	-0.0306693	0.546776
r	BKPIECEConfigDefault	2	0	1	8	0.155711	-0.871056	0.396048	0.996912	-0.0177396	0.016911	0.07460320.167331	-0.876481	0.392421	0.99737	-0.0172045	0.0109705	0.06955280.267289	-0.899059	0.371739	0.997958	-0.0139948	-0.0242822	0.05740390.471215	-0.884251	0.314215	0.996828	0.0070743	-0.0622028	0.04914510.639237	-0.796159	0.244658	0.996245	0.0316858	-0.0602928	0.0534390.718618	-0.708181	0.207258	0.995002	0.0423383	-0.0464014	0.07762710.730147	-0.690861	0.20396	0.994195	0.0436112	-0.0445124	0.08770820.730436	-0.690542	0.204264	0.994169	0.0435008	-0.0446409	0.0879984
r	BKPIECEConfigDefault	2	1	1	11	0.730451	-0.690528	0.204304	0.994166	0.0435145	-0.0446719	0.08800620.734154	-0.689852	0.206709	0.994089	0.0398153	-0.0447312	0.09056060.787254	-0.638712	0.221869	0.989509	0.0174055	-0.0437723	0.1365790.883775	-0.489705	0.243641	0.971717	-0.00735907	-0.0460382	0.2315010.951367	-0.312273	0.264752	0.947502	-0.0205895	-0.0532459	0.3146130.980513	-0.122785	0.283014	0.921686	-0.0205304	-0.0612664	0.3825190.968418	0.0709924	0.296072	0.896468	-0.00765957	-0.0650139	0.4382450.915641	0.260934	0.30193	0.872009	0.0139323	-0.0625977	0.485270.817956	0.429495	0.299006	0.842004	0.0353849	-0.0523813	0.5357550.755359	0.500965	0.297109	0.822174	0.0412076	-0.0483656	0.5656780.751042	0.5049	0.297155	0.820579	0.0414129	-0.0482289	0.567987
r	BKPIECEConfigDefault	2	2	1	20	0.751006	0.504932	0.297145	0.820566	0.0414058	-0.0482233	0.5680070.737172	0.512278	0.299961	0.81561	0.0585694	-0.042461	0.5740620.648749	0.551164	0.324236	0.778452	0.161982	-0.002037	0.606440.497141	0.584376	0.400862	0.686004	0.348443	0.0954997	0.6315580.393928	0.574054	0.506523	0.569683	0.516329	0.214098	0.6025170.368336	0.54037	0.614991	0.440166	0.655092	0.338377	0.5124540.420725	0.510313	0.695141	0.306452	0.756863	0.450726	0.3606830.518557	0.488451	0.712158	0.212587	0.810588	0.504746	0.2073280.64347	0.444667	0.70662	0.166982	0.858718	0.477106	0.08420530.715311	0.387656	0.715288	0.172623	0.890709	0.415461	0.06505030.79194	0.241794	0.793665	0.22211	0.936079	0.239358	0.1308830.766345	0.116601	0.886009	0.308837	0.909745	0.0601145	0.2708680.686091	0.0479299	0.934182	0.410608	0.808176	-0.0874772	0.4130370.610585	0.0448971	0.905256	0.51947	0.650907	-0.165292	0.5283460.580511	0.0467734	0.810923	0.629964	0.457419	-0.182648	0.6004610.599909	0.00757745	0.67927	0.732538	0.246931	-0.140605	0.6185810.636308	-0.0874217	0.572216	0.80551	0.0742818	-0.0689751	0.5838480.650767	-0.152111	0.534298	0.83415	0.00690385	-0.0307399	0.5506370.651252	-0.157149	0.53406	0.836455	0.00727061	-0.0303596	0.5471450.65124	-0.157349	0.534045	0.836526	0.00725999	-0.0303402	0.547039
r	BKPIECEConfigDefault	3	0	1	8	0.155805	-0.870995	0.396101	0.996907	-0.0177215	0.0169198	0.07467960.162105	-0.874942	0.393681	0.997282	-0.0174492	0.0135461	0.07029670.262479	-0.898395	0.373069	0.997981	-0.0135949	-0.0230552	0.05759170.465739	-0.885704	0.316133	0.996857	0.00652964	-0.0615888	0.04940730.642749	-0.793044	0.243544	0.996186	0.0327856	-0.059976	0.05423670.719578	-0.706812	0.205966	0.994984	0.0433233	-0.0454957	0.07784040.730255	-0.690844	0.204215	0.99414	0.0442686	-0.0444125	0.08805080.730428	-0.690583	0.204145	0.994128	0.0442045	-0.0443242	0.0882627
r	BKPIECEConfigDefault	3	1	1	13	0.730457	-0.69056	0.204251	0.994123	0.0442061	-0.0443909	0.0882880.729915	-0.69142	0.201841	0.994374	0.0440325	-0.0406742	0.08733320.742078	-0.667891	0.17978	0.993905	0.0451824	-0.00417086	0.1004680.789584	-0.599198	0.146285	0.989378	0.04037	0.0584572	0.1268260.854364	-0.504182	0.133347	0.983559	0.0278906	0.0909283	0.1535110.921337	-0.390036	0.140094	0.979343	0.0151857	0.0904765	0.1801950.977244	-0.247542	0.163571	0.973263	0.00944252	0.0647765	0.220171.00442	-0.0576733	0.203216	0.957343	0.013593	0.0216848	0.2878190.980254	0.132919	0.243282	0.928701	0.0238938	-0.0160571	0.369710.901029	0.321408	0.27808	0.884413	0.0352633	-0.0411271	0.463550.791078	0.465274	0.294437	0.836513	0.0406362	-0.0474195	0.5443770.752149	0.503895	0.297123	0.820954	0.0417809	-0.0473954	0.5674880.751023	0.504926	0.297174	0.820537	0.0418344	-0.0473823	0.568088
r	BKPIECEConfigDefault	3	2	0	0	
r	BKPIECEConfigDefault	4	0	1	8	0.155718	-0.871052	0.396049	0.996909	-0.0177425	0.0169679	0.07462620.161329	-0.87479	0.394305	0.997258	-0.0179054	0.0136401	0.07049770.268043	-0.899264	0.37182	0.997969	-0.0139726	-0.024631	0.05706360.472149	-0.884078	0.313871	0.996839	0.00731217	-0.0621079	0.04901040.64687	-0.789376	0.241523	0.996196	0.033395	-0.059248	0.05448010.720715	-0.705152	0.204691	0.995032	0.0432461	-0.0447377	0.07771340.730164	-0.690862	0.203977	0.99418	0.0440399	-0.0441513	0.08784920.730428	-0.690557	0.204209	0.994156	0.0439413	-0.0442378	0.0881209
r	BKPIECEConfigDefault	4	1	1	26	0.730446	-0.690542	0.204258	0.994153	0.0439527	-0.0442741	0.08813040.7267	-0.701205	0.194674	0.995526	0.0321133	-0.0348688	0.08174150.679272	-0.810445	0.135288	0.994788	-0.0884805	0.0433275	0.02628770.530714	-1.04019	0.109433	0.916981	-0.34321	0.193388	-0.06287540.398407	-1.19687	0.211712	0.760788	-0.5711	0.294228	-0.09206770.336112	-1.25225	0.367408	0.555595	-0.757516	0.338579	-0.05336170.33823	-1.23503	0.401747	-0.377572	0.852144	-0.353434	-0.07984590.331344	-1.21879	0.318696	-0.286739	0.854647	-0.365976	-0.2311280.312431	-1.20385	0.210557	-0.22505	0.818023	-0.372566	-0.3760130.275266	-1.19505	0.10042	-0.155806	0.746168	-0.385096	-0.5202490.232016	-1.20142	0.0516743	-0.0483352	0.656129	-0.398596	-0.6389680.231186	-1.22908	0.0783075	-0.104624	-0.557947	0.411577	0.7129880.304164	-1.25978	0.180951	-0.296251	-0.456387	0.422195	0.725050.501302	-1.23417	0.334402	0.513764	0.364575	-0.426257	-0.6491810.787158	-1.06391	0.484891	0.725608	0.283307	-0.407528	-0.4766041.0527	-0.691303	0.56267	0.885379	0.216237	-0.350914	-0.2149551.13674	-0.189468	0.530503	0.946332	0.171662	-0.257397	0.09345461.12246	-0.088609	0.488583	0.95048	0.140169	-0.24622	0.1277331.10557	-0.251798	0.440151	0.955533	0.0427344	-0.291749	0.00346671.046	-0.360002	0.425447	0.93753	-0.0396614	-0.336991	-0.0768171.04958	-0.338043	0.405846	0.942972	-0.0476206	-0.324802	-0.05512791.07876	-0.0257674	0.347768	0.960024	0.00977397	-0.223804	0.1678360.905599	0.354025	0.302493	0.887439	0.0412443	-0.0931031	0.4495360.758495	0.497871	0.296628	0.823113	0.0412246	-0.0480785	0.5643350.751128	0.504886	0.297003	0.820492	0.0418023	-0.0483431	0.5680740.751042	0.504968	0.297053	0.820458	0.0418463	-0.0483643	0.568118
r	BKPIECEConfigDefault	4	2	1	8	0.751039	0.50497	0.297052	0.820457	0.0418488	-0.0483628	0.568120.744594	0.502216	0.308923	0.81547	0.0482062	-0.0483787	0.5747550.735214	0.428031	0.382125	0.793721	0.0828343	-0.0429024	0.6010870.724071	0.205009	0.49591	0.779645	0.0920866	-0.0514297	0.6172750.670045	-0.0378558	0.533815	0.801675	0.0361112	-0.0409873	0.5952590.649652	-0.147248	0.534367	0.83181	0.00824039	-0.0310503	0.5541290.651125	-0.156972	0.534117	0.836128	0.0073425	-0.0308733	0.5476160.651137	-0.15733	0.534045	0.83626	0.00724763	-0.0307836	0.547421
r	ESTConfigDefault	0	0	1	8	0.1557	-0.871055	0.396008	0.996914	-0.0176728	0.0169388	0.07458760.165956	-0.876166	0.392133	0.997341	-0.0172375	0.0118294	0.06981480.256066	-0.897654	0.3739	0.997996	-0.0138666	-0.0211103	0.05802530.4577	-0.888145	0.318997	0.996911	0.00539673	-0.0613438	0.04874270.636743	-0.798155	0.246032	0.996214	0.0313675	-0.0610181	0.05338270.71788	-0.709197	0.207757	0.995013	0.0426538	-0.0468917	0.07701140.730351	-0.690669	0.204682	0.994157	0.0437769	-0.0451469	0.0877320.730368	-0.690479	0.204076	0.994163	0.0438439	-0.0447825	0.0878163
r	ESTConfigDefault	0	1	1	13	0.730395	-0.690452	0.204193	0.994158	0.0438258	-0.0448462	0.08785520.73027	-0.689406	0.199878	0.994399	0.0440685	-0.0380946	0.08818960.745377	-0.663227	0.1756	0.993807	0.0449057	0.00286366	0.1016020.796994	-0.5883	0.144023	0.988626	0.0382241	0.0627637	0.131220.86247	-0.491968	0.133365	0.983081	0.0254171	0.0913088	0.1567420.928273	-0.374318	0.142122	0.978721	0.0140139	0.0878619	0.1849040.981756	-0.228678	0.167191	0.972001	0.00883385	0.0598963	0.2270411.00386	-0.0546915	0.203476	0.956835	0.0134181	0.0206526	0.2895860.978967	0.135528	0.243374	0.928087	0.0237699	-0.016831	0.3712220.899564	0.323501	0.278152	0.883806	0.0350808	-0.0420249	0.464640.790185	0.466182	0.294341	0.83612	0.0405742	-0.0484022	0.5448990.752362	0.503735	0.296998	0.820993	0.0417026	-0.048482	0.5673450.750996	0.505018	0.29709	0.820488	0.0417481	-0.0485035	0.568071
r	ESTConfigDefault	0	2	1	10	0.750985	0.505027	0.297086	0.820484	0.0417467	-0.0485014	0.5680770.744138	0.504302	0.301067	0.81526	0.0415002	-0.0472548	0.5756690.721994	0.450522	0.341791	0.781388	0.0286138	-0.0404653	0.6220740.729093	0.289926	0.391133	0.763369	0.00610358	-0.020408	0.6456110.713971	0.126652	0.434131	0.76798	0.00331199	0.000782736	0.6404640.677548	-0.00754314	0.483037	0.78563	0.012233	-0.000748412	0.6185750.651918	-0.112539	0.525949	0.817789	0.0112941	-0.0237978	0.5749150.650527	-0.153718	0.533863	0.834575	0.00723027	-0.0301147	0.5500220.65114	-0.157242	0.534021	0.836232	0.00725335	-0.0302834	0.5474920.651194	-0.157404	0.534068	0.836318	0.00725621	-0.0303334	0.547357
r	ESTConfigDefault	1	0	1	8	0.155636	-0.871058	0.396052	0.996912	-0.0177472	0.0169796	0.07458480.163471	-0.875396	0.392891	0.997315	-0.0172011	0.0130085	0.06998110.257361	-0.897959	0.373638	0.997993	-0.0142568	-0.0213086	0.05790770.459225	-0.887676	0.318222	0.996917	0.00552617	-0.0611083	0.04890230.630785	-0.802931	0.248727	0.996273	0.0310389	-0.0613739	0.05205370.716047	-0.711336	0.2088	0.994982	0.0422933	-0.0470681	0.07749860.729966	-0.690938	0.203664	0.994201	0.043681	-0.0442088	0.08776020.730407	-0.690424	0.204367	0.994144	0.0436474	-0.0446172	0.0882119
r	ESTConfigDefault	1	1	1	11	0.73038	-0.690438	0.204215	0.99415	0.0436696	-0.0445318	0.08818050.732488	-0.693499	0.203597	0.99455	0.0426902	-0.042212	0.08524450.783365	-0.648734	0.201031	0.992623	0.0378987	-0.0272247	0.1119040.880641	-0.511557	0.203079	0.982665	0.029339	-0.0106273	0.1827430.95448	-0.327537	0.212411	0.964995	0.0214277	-0.00490956	0.2613440.985025	-0.118651	0.22857	0.940761	0.0174756	-0.00913221	0.3384950.965071	0.103543	0.251649	0.909993	0.0196572	-0.0222922	0.4135580.886745	0.325631	0.280598	0.87119	0.0306604	-0.0403878	0.488320.783394	0.475223	0.297582	0.832721	0.0414405	-0.0495378	0.5499140.751512	0.504578	0.297178	0.820763	0.0423226	-0.0482343	0.5676530.75112	0.504931	0.297119	0.820619	0.0423173	-0.0481992	0.567864
r	ESTConfigDefault	1	2	1	9	0.751115	0.504934	0.297116	0.820618	0.0423174	-0.0481969	0.5678670.742257	0.505924	0.304432	0.815017	0.045978	-0.047469	0.5756570.675858	0.48736	0.36513	0.767442	0.0707941	-0.0377159	0.6360810.637193	0.38386	0.452493	0.723589	0.0740687	-0.0402679	0.6850630.637893	0.229639	0.512735	0.721728	0.0489298	-0.0481888	0.6887620.651365	0.0412101	0.538902	0.764157	0.0158299	-0.0470148	0.643120.652379	-0.123355	0.535814	0.822812	0.00650296	-0.0334784	0.567290.651256	-0.157102	0.534076	0.836538	0.00739606	-0.030899	0.5469870.651164	-0.157426	0.533938	0.836601	0.00727823	-0.0307322	0.546901
r	ESTConfigDefault	2	0	1	12	0.651179	-0.157431	0.533954	0.836612	0.00729034	-0.0307508	0.5468830.157751	-0.869446	0.390559	0.996727	-0.0140782	0.0180699	0.07752990.224397	-0.84251	0.345571	0.990266	0.0217688	0.0167753	0.1364480.342426	-0.77445	0.280809	0.969421	0.0879718	0.0101375	0.228870.441343	-0.696911	0.223873	0.946898	0.153817	0.00571787	0.2822980.507413	-0.646113	0.183026	0.938506	0.195968	0.00848566	0.2841310.562645	-0.625234	0.153125	0.945271	0.208786	0.0122009	0.2504440.613123	-0.640768	0.138361	0.964574	0.180454	0.00988686	0.1921880.659619	-0.686796	0.154477	0.985871	0.117944	-0.0092277	0.1185860.706934	-0.709075	0.194531	0.994651	0.0554699	-0.0384847	0.07817730.728736	-0.692978	0.204193	0.994319	0.0441091	-0.0445238	0.08602940.730272	-0.690647	0.204233	0.994165	0.0441649	-0.0444823	0.0877891
r	ESTConfigDefault	2	1	1	23	0.730321	-0.690571	0.204231	0.99416	0.0441679	-0.044478	0.08784480.730986	-0.685411	0.204539	0.993647	0.0617574	-0.0427774	0.0837940.73849	-0.654323	0.214437	0.983667	0.165637	-0.0363781	0.060330.7633	-0.608182	0.267762	0.931624	0.360678	-0.0422917	0.01413480.793891	-0.596318	0.354821	0.839522	0.538314	-0.0685844	-0.02677830.824659	-0.626256	0.468078	0.699239	0.703921	-0.111619	-0.05568440.842491	-0.700456	0.580127	0.520671	0.836043	-0.160134	-0.06550380.832613	-0.82114	0.670743	0.31027	0.924334	-0.214948	-0.05600290.80484	-0.954968	0.708518	0.0856771	0.962011	-0.257128	-0.03285090.771233	-1.07614	0.688795	-0.138605	0.948189	-0.285871	-0.0020780.753707	-1.14519	0.632891	-0.310007	0.902646	-0.297793	0.02110710.796393	-1.1422	0.560966	-0.447569	0.847033	-0.286006	0.02046170.864779	-1.08486	0.561948	-0.429206	0.864606	-0.260994	-0.01095931.01216	-0.903849	0.60363	-0.32508	0.925112	-0.184444	-0.06686721.11692	-0.65245	0.659005	-0.127566	0.984009	-0.0801888	-0.09499141.14246	-0.290756	0.686615	0.139717	0.986728	0.0545895	-0.06218691.03968	0.0602102	0.625548	0.430914	0.884328	0.173165	0.04785730.889286	0.289202	0.503354	0.658804	0.689574	0.213559	0.2117960.78519	0.401026	0.363045	0.803288	0.42185	0.162207	0.3878910.772733	0.455223	0.294734	0.842159	0.141408	0.0210359	0.5199320.761835	0.494826	0.297231	0.824644	0.0425471	-0.047531	0.5620440.751207	0.504873	0.297232	0.820486	0.0417893	-0.0480432	0.568110.751112	0.50494	0.297162	0.820451	0.0417643	-0.0480028	0.568166
r	ESTConfigDefault	2	2	1	16	0.751111	0.504941	0.29716	0.820451	0.0417649	-0.0480017	0.5681660.74622	0.506773	0.305684	0.818189	0.0432588	-0.0530787	0.5708570.703645	0.511969	0.455386	0.792269	0.0508464	-0.15357	0.5883370.636855	0.482138	0.574634	0.770745	0.114529	-0.195664	0.5954420.556198	0.448156	0.644533	0.751535	0.257225	-0.135127	0.5922590.467966	0.405327	0.756546	0.676487	0.496386	0.0128271	0.5438770.48565	0.310398	0.917846	0.511896	0.737756	0.161708	0.4093040.596408	0.173424	1.03608	0.289783	0.891214	0.247851	0.2456270.745738	0.00674501	1.0649	0.0247306	0.955564	0.285449	0.06930840.884371	-0.157431	0.980216	-0.257742	0.91952	0.277396	-0.1053720.950452	-0.261985	0.814308	0.511178	-0.78499	-0.235121	0.259240.922464	-0.281081	0.635365	0.708442	-0.564741	-0.170633	0.3873790.811231	-0.225051	0.525829	0.819341	-0.289771	-0.099309	0.4846150.693968	-0.171639	0.519697	0.840929	-0.0686302	-0.0471726	0.5346990.650947	-0.156694	0.534098	0.836197	0.00705249	-0.0312033	0.5474950.651088	-0.157345	0.534077	0.83648	0.00698375	-0.0312396	0.547062
r	ESTConfigDefault	3	0	1	8	0.155699	-0.87107	0.396012	0.996911	-0.0177562	0.0170204	0.07459280.16471	-0.875707	0.392382	0.997324	-0.0170773	0.012541	0.06997370.261405	-0.898677	0.37301	0.997983	-0.0144061	-0.0228777	0.05744060.463828	-0.886362	0.31624	0.99688	0.00658683	-0.0616765	0.0488130.634106	-0.800318	0.24648	0.996252	0.0316569	-0.0610555	0.05245190.717102	-0.709945	0.208324	0.994926	0.0429741	-0.0474106	0.07764410.729941	-0.690875	0.203677	0.994136	0.0442642	-0.0448301	0.08789480.730354	-0.690447	0.204346	0.994089	0.0441669	-0.0451921	0.0882866
r	ESTConfigDefault	3	1	1	65	0.730343	-0.690451	0.204265	0.994091	0.0441906	-0.045152	0.08826720.728458	-0.696324	0.195494	0.994823	0.0412912	-0.037723	0.08485060.698667	-0.750749	0.0737039	0.995374	0.00483046	0.073076	0.06218920.690316	-0.792937	-0.00295219	0.983137	-0.0525694	0.164665	0.05969980.73015	-0.951587	0.0389463	0.968995	-0.173661	0.173431	-0.02849470.775192	-1.07703	0.136883	0.929637	-0.305696	0.171749	-0.113260.827818	-1.09847	0.219845	0.900811	-0.378393	0.154246	-0.1468580.904616	-1.0086	0.397651	0.949407	-0.290789	0.0215773	-0.1166250.923643	-0.772081	0.782688	0.952112	-0.199642	-0.230868	0.01807160.757233	-0.398201	1.10081	0.840879	-0.181645	-0.440588	0.2565340.466669	-0.0427595	1.18956	0.644016	-0.20031	-0.539695	0.5038340.393588	0.0323686	1.1666	0.593525	-0.200161	-0.534244	0.5676690.49455	-0.0521799	1.12608	0.697036	-0.0868856	-0.456939	0.5457090.591259	-0.141851	1.06822	0.777236	0.0897266	-0.364373	0.505060.682977	-0.231165	1.0023	0.811421	0.283006	-0.272825	0.4325160.774206	-0.327285	0.927038	0.795172	0.473522	-0.192374	0.3262970.863843	-0.437282	0.832153	0.732172	0.64054	-0.132488	0.1899460.93957	-0.56613	0.707267	0.635088	0.764687	-0.104518	0.03151270.976818	-0.704147	0.562862	0.527663	0.83225	-0.114072	-0.1261720.95782	-0.860921	0.405528	0.417723	0.84714	-0.166953	-0.2828220.871485	-1.01757	0.284142	0.33131	0.809067	-0.260971	-0.4093150.736836	-1.15597	0.246225	0.281535	0.732993	-0.385597	-0.4845360.585578	-1.25607	0.332651	0.276583	0.627379	-0.538747	-0.4895410.497985	-1.26372	0.513786	-0.312874	-0.534471	0.666724	0.4146440.483054	-1.16297	0.738449	-0.373554	-0.462867	0.75853	0.2661660.523643	-0.949145	0.93118	-0.437498	-0.424002	0.790723	0.05979780.566983	-0.64925	1.03206	-0.482173	-0.416479	0.748296	-0.1846840.559271	-0.336974	1.01739	-0.487072	-0.434792	0.626616	-0.4255230.516696	-0.173264	0.96556	0.460642	0.455808	-0.519438	0.5569850.550863	-0.237271	1.00464	0.511182	0.390138	-0.600719	0.4749970.596181	-0.385494	1.05166	0.570834	0.313492	-0.692136	0.3111580.628471	-0.573422	1.04931	0.611504	0.279797	-0.729738	0.1235280.661288	-0.750575	0.974837	0.642914	0.292548	-0.705742	-0.05481840.71298	-0.868418	0.836341	0.675588	0.338748	-0.623883	-0.1989990.786849	-0.890492	0.668564	0.715072	0.402273	-0.494968	-0.2861040.864831	-0.810781	0.513121	0.764257	0.458543	-0.335014	-0.3056390.915723	-0.654707	0.400634	0.819392	0.485109	-0.164953	-0.2570150.916887	-0.471073	0.337866	0.872741	0.463815	-0.00685455	-0.1521580.870858	-0.317882	0.311899	0.914876	0.385946	0.117233	-0.01741830.80022	-0.213241	0.308656	0.937882	0.246803	0.204679	0.1325610.749385	-0.175516	0.322646	0.935552	0.0992877	0.239095	0.2402450.768475	-0.187346	0.318263	0.939861	0.0476314	0.224286	0.2531580.86508	-0.27324	0.274834	0.964769	-0.0141227	0.168291	0.2017390.923688	-0.457859	0.211478	0.982033	-0.0839303	0.146532	0.08423480.886995	-0.656867	0.133974	0.972221	-0.138593	0.183717	-0.04274260.762337	-0.814087	0.0437524	0.935825	-0.162419	0.27736	-0.1446490.592847	-0.896245	-0.0450109	0.885558	-0.144646	0.397818	-0.1913260.431181	-0.905072	-0.122593	0.842796	-0.0838155	0.504149	-0.1688290.316186	-0.87738	-0.181901	0.828088	-0.000468093	0.549486	-0.1110690.254832	-0.879441	-0.195956	0.818934	0.0335201	0.560546	-0.1183750.13189	-0.897149	-0.183652	0.744682	0.0528142	0.626889	-0.222865-0.0183807	-0.932577	-0.12186	0.621322	0.0373415	0.678667	-0.389841-0.104318	-0.958611	-0.0699775	0.523354	0.00218659	0.66089	-0.537885-0.150047	-1.01931	0.00315578	-0.454431	0.072835	-0.590163	0.663246-0.149226	-1.09928	0.0794967	-0.431455	0.153585	-0.481159	0.747492-0.092704	-1.19135	0.174433	-0.44825	0.234649	-0.352386	0.7872970.0399061	-1.2702	0.260433	0.512313	-0.284779	0.214519	-0.7812920.259034	-1.30184	0.326771	0.61414	-0.292169	0.0819128	-0.7285330.574462	-1.22984	0.370988	0.748836	-0.250979	-0.0381806	-0.6122070.917564	-0.985776	0.405393	0.880569	-0.176754	-0.131525	-0.4195931.15615	-0.507297	0.392368	0.978273	-0.070354	-0.15427	-0.11931.06025	0.149834	0.337063	0.950411	0.0223627	-0.0988908	0.2940050.806748	0.460316	0.301774	0.844616	0.0409173	-0.0545212	0.5310150.751173	0.504885	0.297101	0.820657	0.0423304	-0.0481743	0.5678110.751049	0.505074	0.297096	0.820623	0.0421711	-0.0482653	0.567864
r	ESTConfigDefault	3	2	0	0	
r	ESTConfigDefault	4	0	1	8	0.155771	-0.871011	0.396082	0.996903	-0.0177764	0.0169012	0.07472170.16459	-0.875591	0.392544	0.99731	-0.0171339	0.012493	0.07016460.261035	-0.898639	0.373098	0.997975	-0.0146268	-0.0227573	0.05757510.463452	-0.886119	0.31683	0.996824	0.00618461	-0.0617479	0.04991610.64081	-0.794315	0.243532	0.996141	0.0312874	-0.0603113	0.05555320.719116	-0.707282	0.206579	0.994941	0.042856	-0.046422	0.07811080.73013	-0.690851	0.204172	0.994109	0.0439286	-0.0450457	0.0882550.73035	-0.690565	0.204246	0.994091	0.0438402	-0.0450376	0.088502
r	ESTConfigDefault	4	1	1	15	0.730375	-0.690545	0.204332	0.994086	0.0438469	-0.0450944	0.08852130.731982	-0.6802	0.208325	0.992949	0.0640149	-0.0463453	0.08835950.753995	-0.582831	0.249567	0.969277	0.216855	-0.051267	0.1041520.781953	-0.412414	0.378447	0.861436	0.484285	-0.0357506	0.1487180.792591	-0.293121	0.55912	0.660783	0.725823	0.0205589	0.1900640.815882	-0.267463	0.72604	0.392198	0.8926	0.10449	0.1962830.884675	-0.298665	0.821231	0.0867669	0.963908	0.197078	0.1565660.997443	-0.317457	0.812353	-0.221039	0.932694	0.276726	0.06816181.11109	-0.259084	0.705476	-0.495507	0.804515	0.321688	-0.06120671.16022	-0.0982355	0.543019	0.705737	-0.59718	-0.314508	0.2153981.09149	0.137595	0.389273	0.828179	-0.339668	-0.246089	0.3717330.899684	0.37951	0.304154	0.853202	-0.0692806	-0.118604	0.503170.766187	0.49146	0.297032	0.825676	0.0395444	-0.0498852	0.5605410.751126	0.504818	0.297072	0.820313	0.0415231	-0.0484489	0.5683440.751007	0.504931	0.297064	0.820264	0.0414994	-0.0484581	0.568416
r	ESTConfigDefault	4	2	1	24	0.751007	0.504931	0.297065	0.820264	0.0414992	-0.0484584	0.5684160.760462	0.501103	0.293436	0.822924	0.0297646	-0.0541545	0.5647820.93652	0.379473	0.232592	0.850122	-0.176644	-0.124068	0.4803091.12989	0.153291	0.279354	0.778326	-0.484922	-0.211481	0.3381351.20273	-0.0205357	0.434652	0.582396	-0.742617	-0.268321	0.1932311.17067	-0.0745452	0.596483	-0.270379	0.913785	0.295786	-0.0663561.09816	-0.0437554	0.644682	0.0782825	0.952485	0.293947	0.01546521.03513	-0.0250973	0.553521	0.426348	0.858557	0.281977	0.03994260.982926	-0.16982	0.344855	0.748871	0.601814	0.276166	-0.02728630.911703	-0.409247	0.235069	0.872635	0.36616	0.292244	-0.137940.772719	-0.690503	0.213246	0.888622	0.13584	0.32884	-0.2894190.676337	-0.824444	0.223133	0.856122	0.0430948	0.347821	-0.3797620.598658	-0.928768	0.220969	0.817158	-0.0354727	0.353323	-0.4540450.56444	-0.996334	0.204039	0.802515	-0.0851847	0.340599	-0.4823960.632741	-1.00002	0.149926	0.844127	-0.0950957	0.293567	-0.4384340.731104	-0.961151	0.116294	0.901459	-0.0831381	0.233667	-0.3547670.865243	-0.828913	0.112805	0.962287	-0.0224499	0.156468	-0.22140.961071	-0.646877	0.171668	0.994435	0.0437724	0.077776	-0.05598230.979428	-0.451913	0.27967	0.987503	0.0947353	0.010591	0.1255010.910463	-0.280513	0.401306	0.944335	0.116304	-0.0335775	0.3059040.779956	-0.175185	0.492518	0.88271	0.083121	-0.046173	0.4601980.671989	-0.153402	0.529023	0.841921	0.0225678	-0.0344878	0.5380250.650479	-0.156428	0.534915	0.83616	0.00694159	-0.0309946	0.5475650.651048	-0.157252	0.534196	0.836593	0.00700085	-0.0305909	0.546925
r	KPIECEConfigDefault	0	0	1	8	0.15571	-0.871025	0.396035	0.996912	-0.0176856	0.0170307	0.07459440.167299	-0.876671	0.392163	0.997371	-0.0173392	0.0112016	0.06945790.268722	-0.899407	0.371565	0.997978	-0.0141485	-0.0247047	0.05682180.472952	-0.884157	0.314401	0.996839	0.00714954	-0.0627106	0.04825260.646947	-0.788988	0.241199	0.996194	0.0335733	-0.0591866	0.05446520.720648	-0.704897	0.204557	0.995016	0.0430476	-0.0448183	0.07798850.730051	-0.690787	0.203939	0.994188	0.0439058	-0.0442119	0.08779160.730307	-0.690485	0.204132	0.994166	0.0438069	-0.0442748	0.08806
r	KPIECEConfigDefault	0	1	1	11	0.730327	-0.690469	0.204191	0.994163	0.043817	-0.0443167	0.08807210.731852	-0.691907	0.203639	0.994402	0.0425343	-0.0417915	0.08723240.778439	-0.6497	0.200686	0.992414	0.0324472	-0.0230406	0.1163190.874014	-0.507764	0.202553	0.980586	0.018282	-0.00334328	0.1952060.946403	-0.328128	0.212235	0.962231	0.00748818	0.00243679	0.2721220.979959	-0.125276	0.229433	0.939018	0.00369137	-0.00445279	0.3438180.964207	0.0924721	0.252538	0.910078	0.00996305	-0.0194821	0.413860.892684	0.311809	0.280207	0.873624	0.0260559	-0.0389761	0.4843380.783288	0.473677	0.296593	0.832629	0.0406919	-0.0480552	0.550240.751506	0.504541	0.297093	0.820855	0.0420386	-0.0476047	0.5675950.751035	0.504964	0.297099	0.820682	0.042065	-0.047586	0.567845
r	KPIECEConfigDefault	0	2	1	22	0.751032	0.504966	0.297095	0.820681	0.0420624	-0.0475834	0.5678470.751123	0.504174	0.297445	0.82223	0.0489595	-0.0430034	0.5654130.808848	0.448013	0.320588	0.853435	0.127379	-0.0110409	0.5052740.976704	0.238645	0.408173	0.899296	0.270495	-0.022738	0.3429021.10062	-0.0764194	0.505895	0.904432	0.381252	-0.0963299	0.1654391.10306	-0.451741	0.609156	0.87476	0.433843	-0.215762	0.004713860.973994	-0.786261	0.690726	0.833415	0.424435	-0.329865	-0.128310.815601	-1.02284	0.626037	0.819427	0.367272	-0.339963	-0.2794220.604637	-1.19989	0.574148	0.782195	0.30374	-0.339266	-0.425220.381539	-1.29544	0.381818	0.738026	0.222488	-0.206584	-0.6026110.0952662	-1.30214	0.261995	0.644214	0.124207	-0.0534284	-0.752799-0.169868	-1.20721	0.216293	0.517406	0.014562	0.147564	-0.842795-0.362451	-1.06478	0.312112	-0.352629	0.105864	-0.333889	0.867735-0.438572	-0.912347	0.50706	-0.156255	0.217102	-0.471888	0.840103-0.347694	-0.761475	0.749606	0.0807858	0.319592	-0.564687	0.756613-0.115119	-0.618413	0.926659	0.327567	0.376266	-0.56248	0.6593470.17883	-0.473784	0.965266	0.557502	0.366957	-0.476516	0.5722460.441936	-0.334226	0.85743	0.737257	0.282925	-0.324629	0.5205980.607254	-0.22399	0.657739	0.837784	0.12343	-0.137853	0.5136920.650847	-0.168977	0.538867	0.841073	0.0115602	-0.0346294	0.5396880.651184	-0.157657	0.534006	0.836345	0.00731869	-0.0309964	0.5472780.651181	-0.157423	0.534004	0.836262	0.00734289	-0.0309816	0.547406
r	KPIECEConfigDefault	1	0	1	8	0.155756	-0.871046	0.396027	0.996909	-0.0177298	0.016937	0.0746340.163478	-0.875377	0.392685	0.997317	-0.017027	0.0131153	0.06997230.258626	-0.898074	0.373317	0.99798	-0.0143233	-0.0215674	0.05801420.461189	-0.887368	0.317349	0.996941	0.00571813	-0.0610391	0.04847230.639283	-0.795869	0.244868	0.996235	0.031827	-0.060052	0.05382360.718521	-0.708268	0.206814	0.995034	0.0424874	-0.0457741	0.07750420.73002	-0.690868	0.203895	0.994183	0.0436175	-0.0441129	0.08804120.730304	-0.690562	0.204193	0.994158	0.0435165	-0.0442419	0.0883165
r	KPIECEConfigDefault	1	1	1	13	0.730317	-0.690551	0.20422	0.994156	0.0435293	-0.0442649	0.08832050.733797	-0.690556	0.210197	0.993952	0.038546	-0.0476098	0.09114220.79107	-0.636984	0.25261	0.986109	-0.00142126	-0.0706917	0.15030.88872	-0.484986	0.318846	0.957308	-0.049855	-0.111882	0.2618350.951789	-0.316484	0.375634	0.921214	-0.0759556	-0.151928	0.350020.981771	-0.153496	0.418034	0.890035	-0.0780109	-0.182411	0.4104620.98548	0.000518095	0.438816	0.869095	-0.0589852	-0.194425	0.4509920.965879	0.146518	0.430288	0.858092	-0.0265089	-0.180257	0.4800860.91844	0.286551	0.387022	0.853023	0.00991513	-0.134775	0.5040720.831526	0.421863	0.31834	0.842834	0.0358754	-0.0688647	0.5325430.758391	0.498175	0.296346	0.823349	0.0409679	-0.0473125	0.5640750.751089	0.504929	0.297014	0.820621	0.0417366	-0.0474539	0.5679680.751014	0.505008	0.297044	0.820593	0.0417482	-0.0474733	0.568006
r	KPIECEConfigDefault	1	2	1	8	0.751014	0.505009	0.297044	0.820593	0.0417474	-0.0474739	0.5680060.742678	0.50263	0.310364	0.815067	0.0504512	-0.046642	0.5752780.742573	0.421111	0.385381	0.799587	0.0881543	-0.0424757	0.5925240.752296	0.229832	0.478851	0.796162	0.102804	-0.0513207	0.5940730.704862	0.0342839	0.528387	0.800102	0.0658697	-0.0507576	0.5940720.655135	-0.116759	0.534754	0.822813	0.0158168	-0.0347894	0.5670250.65082	-0.155857	0.53389	0.835933	0.00737988	-0.0310342	0.5479030.651244	-0.157374	0.534004	0.836727	0.00743231	-0.0311813	0.546681
r	KPIECEConfigDefault	2	0	1	8	0.155712	-0.871085	0.396154	0.996913	-0.0178242	0.0169279	0.0745650.167976	-0.876979	0.392259	0.997383	-0.0175745	0.0107187	0.0693130.270183	-0.899637	0.3709	0.997967	-0.0141348	-0.0249993	0.0568980.474834	-0.883165	0.312978	0.996806	0.00768744	-0.0624022	0.04924620.648791	-0.787628	0.240392	0.996161	0.0332181	-0.0591946	0.05527430.721134	-0.704243	0.203927	0.994958	0.0428241	-0.0447319	0.07888950.730384	-0.690786	0.204672	0.994123	0.0436715	-0.0448613	0.08831280.730399	-0.690599	0.204055	0.994131	0.0437198	-0.0444807	0.0883992
r	KPIECEConfigDefault	2	1	1	12	0.730433	-0.690568	0.204197	0.994124	0.043702	-0.0445609	0.08844290.733901	-0.690236	0.209508	0.993915	0.0388738	-0.0474302	0.09150030.788951	-0.638555	0.24687	0.986841	0.00314255	-0.0668319	0.1472030.886413	-0.48828	0.304876	0.960235	-0.041788	-0.101455	0.2567270.95105	-0.317937	0.355244	0.926237	-0.0652062	-0.135921	0.3454840.981901	-0.151168	0.392435	0.896371	-0.0664511	-0.161756	0.4073540.983885	0.00928868	0.40979	0.874721	-0.0486786	-0.170691	0.4509530.9593	0.162062	0.401066	0.861962	-0.0178726	-0.1554	0.4822370.905583	0.307368	0.36211	0.854223	0.0158346	-0.113284	0.5071680.809129	0.446414	0.310659	0.836833	0.037616	-0.0618993	0.5426450.754313	0.50213	0.297353	0.82174	0.0419975	-0.0481458	0.5662690.751113	0.505008	0.297063	0.820569	0.0419272	-0.047916	0.56799
r	KPIECEConfigDefault	2	2	1	9	0.751068	0.50504	0.297049	0.820553	0.041935	-0.0478993	0.5680140.743748	0.503658	0.308527	0.815781	0.0488585	-0.047704	0.5743160.745164	0.431252	0.376525	0.802293	0.0834411	-0.0440101	0.5894290.761794	0.251651	0.468942	0.799905	0.100793	-0.0538984	0.5891410.722946	0.0659831	0.522779	0.801316	0.073428	-0.0551071	0.5911550.665568	-0.0938768	0.536435	0.818868	0.0236041	-0.0398423	0.5721110.650713	-0.153271	0.534483	0.834569	0.00774713	-0.0309694	0.5499780.651145	-0.157258	0.533999	0.836286	0.00718123	-0.0304224	0.5474020.65115	-0.157402	0.534001	0.836344	0.00716772	-0.0304237	0.547314
r	KPIECEConfigDefault	3	0	1	8	0.155716	-0.871067	0.396094	0.996912	-0.017794	0.0169146	0.0745890.16181	-0.874945	0.394655	0.99728	-0.0181747	0.0130466	0.07022850.251167	-0.896961	0.373826	0.998003	-0.0141509	-0.018855	0.05861030.452087	-0.889617	0.320934	0.996947	0.00466323	-0.0608588	0.04869220.632768	-0.801354	0.247227	0.99626	0.0316998	-0.0610273	0.05230570.716697	-0.710551	0.208516	0.994941	0.0427487	-0.0471569	0.07771890.72996	-0.690945	0.203656	0.994166	0.0442534	-0.0444478	0.0877540.730383	-0.690483	0.204352	0.994114	0.0441923	-0.0448426	0.0881681
r	KPIECEConfigDefault	3	1	1	14	0.730357	-0.690496	0.204206	0.99412	0.0442009	-0.044754	0.08814330.732105	-0.679305	0.208667	0.992851	0.0663971	-0.0462949	0.08772650.755729	-0.578687	0.253478	0.967377	0.224723	-0.0530121	0.104260.785765	-0.395632	0.40329	0.84014	0.518992	-0.0358236	0.153390.796993	-0.287565	0.596045	0.615753	0.763536	0.0262416	0.19280.829053	-0.27795	0.757974	0.325736	0.918541	0.115807	0.1917460.914463	-0.316611	0.830949	-0.000601599	0.96768	0.211319	0.1376231.03872	-0.31849	0.786327	-0.317095	0.903529	0.286493	0.03174931.14162	-0.219484	0.646479	0.583904	-0.738262	-0.317795	0.1141611.15178	-0.024082	0.47917	0.763601	-0.508752	-0.290492	0.2714761.02427	0.239851	0.33915	0.85332	-0.222284	-0.193345	0.4301770.828881	0.445012	0.29798	0.839192	-0.0148356	-0.0854748	0.5368710.752738	0.503373	0.297188	0.821069	0.0417793	-0.0481666	0.5672560.75111	0.504964	0.29719	0.820433	0.0415809	-0.0483009	0.568179
r	KPIECEConfigDefault	3	2	1	35	0.751096	0.504977	0.297192	0.820429	0.0415856	-0.0482997	0.5681850.750671	0.505632	0.299413	0.818739	0.0375632	-0.0529259	0.5704860.729509	0.52778	0.330068	0.795871	0.00620513	-0.101263	0.5969060.681108	0.571898	0.431108	0.734333	-0.0546314	-0.235211	0.6343860.617074	0.600534	0.583218	0.658137	-0.0999417	-0.405167	0.6266630.550246	0.584525	0.747281	0.590097	-0.121209	-0.562095	0.5666950.492024	0.542346	0.868727	0.54484	-0.119104	-0.664359	0.4975850.531866	0.558404	0.820521	0.558783	-0.160417	-0.640953	0.5012060.721848	0.552255	0.606397	0.625879	-0.297579	-0.509975	0.5095570.943875	0.390329	0.409419	0.690754	-0.432515	-0.365568	0.4496111.10808	0.121242	0.276862	0.726635	-0.543182	-0.23897	0.3461911.18715	-0.196795	0.215681	0.724985	-0.633994	-0.14045	0.2296141.18156	-0.511492	0.216582	0.688517	-0.710526	-0.0676009	0.1285561.13995	-0.687562	0.243251	0.638901	-0.764012	-0.0289023	0.08517481.06484	-0.83738	0.309195	-0.444093	0.890782	-0.00595868	-0.09619620.939124	-0.971112	0.322876	-0.225689	0.955911	-0.0626733	-0.1771170.7747	-1.0687	0.262072	-0.0478825	0.937047	-0.108653	-0.3283980.508328	-1.1395	0.126372	0.0651309	0.816905	-0.126157	-0.5590250.122982	-1.14013	0.0385523	-0.0503076	-0.628	0.112584	0.768382-0.181536	-1.05211	0.022311	0.021821	-0.452427	0.0729471	0.888545-0.461365	-0.882996	0.0903221	0.132657	-0.261044	0.00510794	0.956155-0.557862	-0.804081	0.10723	0.158272	-0.186708	-0.0398543	0.968763-0.626036	-0.763657	0.119487	0.119122	-0.10664	-0.120803	0.979717-0.616627	-0.812596	0.0731213	0.00930886	-0.0938602	-0.174579	0.980115-0.498707	-0.941013	-0.0163203	-0.179699	-0.121943	-0.201637	0.955081-0.301608	-1.0591	-0.0872485	-0.385162	-0.157511	-0.206998	0.885433-0.00757705	-1.12399	-0.1194	0.581285	0.21518	0.176645	-0.7645920.310304	-1.09492	-0.0801793	0.751559	0.260349	0.13618	-0.5906210.584171	-0.965846	0.0243378	0.879775	0.279873	0.0947326	-0.3724140.765512	-0.759803	0.171018	0.950865	0.275795	0.053023	-0.1303120.826812	-0.526306	0.322791	0.964965	0.235386	0.0189198	0.114360.779305	-0.320421	0.446862	0.928235	0.151678	-0.00684586	0.3395970.689489	-0.192443	0.518186	0.865468	0.0514335	-0.0258795	0.4976440.650733	-0.156927	0.535813	0.83608	0.00765782	-0.0321401	0.5476120.651126	-0.157475	0.534187	0.836227	0.00740698	-0.0309766	0.547458
r	KPIECEConfigDefault	4	0	1	8	0.155655	-0.871071	0.396047	0.996913	-0.0177572	0.0169839	0.07456890.164282	-0.875637	0.392733	0.997326	-0.0172125	0.0125442	0.06990410.260832	-0.898646	0.37336	0.997996	-0.0145878	-0.0226585	0.05725230.453201	-0.889517	0.32032	0.996985	0.004495	-0.0605291	0.04835180.633533	-0.800796	0.247015	0.996273	0.0307945	-0.0606472	0.05304130.716677	-0.709919	0.208457	0.994899	0.0423556	-0.0466241	0.07879020.72993	-0.690908	0.203598	0.994185	0.043735	-0.0440689	0.08798230.730372	-0.690465	0.204374	0.994134	0.0436305	-0.0444949	0.0883931
r	KPIECEConfigDefault	4	1	0	0	
r	KPIECEConfigDefault	4	2	1	7	0.730356	-0.690474	0.204266	0.994138	0.0436578	-0.0444403	0.08836680.732904	-0.683494	0.219961	0.993067	0.0444271	-0.0493778	0.09698220.752959	-0.57902	0.341742	0.975915	0.0399049	-0.0696938	0.202830.722007	-0.328934	0.487848	0.909523	0.0248113	-0.0597205	0.4105920.656429	-0.17337	0.532978	0.844169	0.00862688	-0.0331429	0.5349830.651097	-0.157707	0.533692	0.836751	0.00699554	-0.0302914	0.54670.651186	-0.157414	0.53397	0.836699	0.00724499	-0.0305326	0.546763
r	LBKPIECEConfigDefault	0	0	1	8	0.155755	-0.870992	0.396111	0.996901	-0.0178139	0.0169376	0.07472370.164032	-0.875382	0.392671	0.997309	-0.0170452	0.012871	0.07013440.260195	-0.89838	0.373518	0.997988	-0.0143918	-0.0223991	0.05754560.461951	-0.886628	0.316947	0.996898	0.00579689	-0.0609301	0.04949010.640028	-0.795783	0.244845	0.99628	0.0317046	-0.0602423	0.05283260.722219	-0.702096	0.202839	0.995011	0.043272	-0.0437525	0.07853020.730129	-0.690848	0.203902	0.994232	0.0435716	-0.0441583	0.08748630.730413	-0.690528	0.204196	0.994206	0.0434593	-0.0442795	0.0877797
r	LBKPIECEConfigDefault	0	1	1	24	0.730429	-0.690516	0.204236	0.994203	0.0434733	-0.0443113	0.08778570.730765	-0.684047	0.209448	0.993773	0.0424443	-0.043182	0.09353320.730088	-0.627058	0.239012	0.989032	0.0309968	-0.0234981	0.1424860.735829	-0.571062	0.245901	0.983968	0.0572431	-0.0042664	0.1688550.745858	-0.426209	0.261688	0.963712	0.146414	0.0405373	0.2194970.743856	-0.238506	0.308475	0.920229	0.257345	0.0827255	0.2830360.707225	-0.0559101	0.384719	0.851826	0.375858	0.1301	0.3408770.640046	0.10619	0.516822	0.73036	0.529729	0.188945	0.3876360.55524	0.213002	0.666007	0.568422	0.655809	0.269949	0.417060.488749	0.255027	0.819677	0.361794	0.75071	0.36888	0.4116640.459806	0.260081	0.936962	0.143022	0.787915	0.47186	0.3688950.549111	0.211545	1.01834	-0.0962983	0.799157	0.530092	0.2666040.812815	0.161094	0.951532	-0.467763	0.710824	0.524836	0.02178220.856763	0.219613	0.871936	0.569292	-0.63291	-0.518231	0.08226910.842343	0.19562	0.817991	0.626798	-0.561867	-0.531382	0.09519930.829965	0.132187	0.747078	0.712027	-0.442057	-0.536207	0.1004260.825526	0.0939579	0.721673	0.743267	-0.391805	-0.534363	0.0921960.880987	0.136856	0.690238	0.754526	-0.417546	-0.486774	0.1392710.939848	0.225003	0.642238	0.764045	-0.433807	-0.417736	0.2313930.947288	0.310883	0.617847	0.759346	-0.428307	-0.383139	0.3052070.922648	0.382891	0.474492	0.820358	-0.272372	-0.276166	0.4201880.808024	0.47161	0.320138	0.836827	-0.0328272	-0.0990971	0.5374230.750852	0.504798	0.297456	0.820657	0.042749	-0.0474844	0.5678380.750966	0.504909	0.297159	0.82068	0.0415936	-0.0477856	0.567865
r	LBKPIECEConfigDefault	0	2	1	8	0.750991	0.504897	0.297128	0.82069	0.0415352	-0.047795	0.5678550.744409	0.502879	0.307747	0.816456	0.0477712	-0.0471725	0.5734910.740904	0.419516	0.382309	0.800392	0.0865039	-0.0376109	0.5920090.748229	0.218284	0.479713	0.797224	0.100798	-0.0450339	0.5935030.693368	0.0120811	0.528983	0.801399	0.0580067	-0.0442583	0.5936630.648849	-0.130069	0.534082	0.825137	0.0100448	-0.031679	0.5639540.650957	-0.156616	0.534002	0.836312	0.0071129	-0.031064	0.5473270.651099	-0.157442	0.534029	0.8367	0.00708649	-0.031098	0.546732
r	LBKPIECEConfigDefault	1	0	1	8	0.155636	-0.871039	0.396085	0.99691	-0.0177624	0.0170269	0.0745930.160958	-0.874606	0.394813	0.997249	-0.0181171	0.0135388	0.07058640.248557	-0.896494	0.374177	0.997994	-0.0143294	-0.017767	0.05905870.448818	-0.890591	0.321949	0.99698	0.00395889	-0.0606272	0.04837270.630285	-0.803488	0.248285	0.996297	0.0310953	-0.0613388	0.05160160.715974	-0.711498	0.209084	0.994951	0.0423959	-0.0477096	0.07745730.73003	-0.691156	0.204307	0.994173	0.0436909	-0.0450406	0.0876540.730371	-0.690536	0.204401	0.994123	0.0438219	-0.0451231	0.0881105
r	LBKPIECEConfigDefault	1	1	1	11	0.73035	-0.690546	0.204281	0.994128	0.04382	-0.0450464	0.08809380.73283	-0.691572	0.203158	0.994409	0.042569	-0.0415603	0.08724160.78282	-0.646307	0.198175	0.9925	0.0352023	-0.0208828	0.1151870.878353	-0.503033	0.198194	0.981301	0.0239065	7.01314e-05	0.190990.950182	-0.321341	0.207209	0.96351	0.0138485	0.00639626	0.2672360.981537	-0.115013	0.224629	0.940129	0.00969876	-0.000385252	0.3406820.962266	0.106608	0.249507	0.909948	0.0142168	-0.0171514	0.4141230.883823	0.329912	0.280629	0.870658	0.0292857	-0.0391602	0.4894520.778006	0.480385	0.297645	0.830363	0.0415279	-0.0495289	0.5534620.751289	0.50467	0.297198	0.820434	0.0423258	-0.0481026	0.5681390.750982	0.504933	0.297134	0.820321	0.0423027	-0.0480607	0.568307
r	LBKPIECEConfigDefault	1	2	1	19	0.75098	0.504935	0.297131	0.820321	0.0423024	-0.0480585	0.5683090.76222	0.496922	0.289258	0.822453	0.021499	-0.0537024	0.5658850.901007	0.379842	0.262262	0.8306	-0.177115	-0.115061	0.5152621.10352	0.0920267	0.320038	0.771904	-0.481215	-0.161533	0.3827571.18713	-0.238604	0.460955	0.636699	-0.722886	-0.12589	0.2370691.14171	-0.543896	0.613717	-0.492714	0.861762	0.0280747	-0.1175211.02892	-0.772725	0.70616	-0.430122	0.899038	-0.071805	-0.03962370.92227	-0.927582	0.666915	0.587941	-0.803209	0.0882715	-0.03726340.922171	-0.925801	0.501413	0.811589	-0.577826	0.0300689	-0.0808460.996497	-0.730724	0.352649	0.978888	-0.164991	-0.0692187	-0.09882031.06518	-0.440935	0.396125	0.942142	0.297341	-0.137291	-0.07147721.06706	-0.290151	0.601251	0.701272	0.693011	-0.159486	-0.05017181.03413	-0.327245	0.793896	0.311064	0.940347	-0.129669	-0.04660911.01472	-0.465098	0.823417	-0.107683	0.987411	-0.0783379	-0.08536861.00476	-0.538937	0.693277	0.50703	-0.844518	0.0190567	0.1713090.95439	-0.441001	0.5335	0.776505	-0.554751	-0.0278077	0.2975190.804876	-0.251639	0.486856	0.86947	-0.20742	-0.0414345	0.446410.676487	-0.167665	0.524843	0.845946	-0.0229591	-0.0348269	0.5316350.651414	-0.157663	0.533637	0.83691	0.00744962	-0.0309627	0.546414
r	LBKPIECEConfigDefault	2	0	1	8	0.155679	-0.871057	0.396088	0.996907	-0.0178053	0.0169893	0.07463340.164702	-0.87575	0.392393	0.997329	-0.0171157	0.0124954	0.06989570.262254	-0.89876	0.373068	0.997981	-0.0143823	-0.0230806	0.05739070.464977	-0.88599	0.316194	0.996868	0.00657406	-0.0615949	0.04916250.642164	-0.793783	0.243969	0.996194	0.0326517	-0.0603352	0.05376140.717371	-0.709815	0.208044	0.994962	0.0430465	-0.0467619	0.07753070.730014	-0.690991	0.203663	0.994171	0.0443972	-0.0443066	0.08769360.730391	-0.690597	0.20423	0.99413	0.0442977	-0.0446046	0.0880536
r	LBKPIECEConfigDefault	2	1	1	13	0.730386	-0.690597	0.204174	0.994132	0.0443189	-0.0445792	0.088040.734082	-0.690335	0.210231	0.993904	0.0390681	-0.0479553	0.09126220.791283	-0.636421	0.25235	0.986083	-0.000352832	-0.0707317	0.1504580.88856	-0.484614	0.317394	0.957383	-0.048988	-0.110982	0.262110.952093	-0.316033	0.374422	0.921893	-0.0736227	-0.151098	0.3490890.981647	-0.152898	0.415773	0.890528	-0.076486	-0.180548	0.4105020.984729	0.00153597	0.435738	0.868612	-0.0593036	-0.192218	0.4528240.964678	0.148452	0.42729	0.858252	-0.0251021	-0.177537	0.4808880.917439	0.2887	0.38493	0.853163	0.0108248	-0.133078	0.5042680.829529	0.424345	0.318012	0.842264	0.0363132	-0.068551	0.5334550.758047	0.498443	0.29631	0.823145	0.0412156	-0.047249	0.564360.751192	0.504871	0.297017	0.820584	0.0418386	-0.0475147	0.5680080.751113	0.504948	0.297042	0.820554	0.0418578	-0.0475247	0.56805
r	LBKPIECEConfigDefault	2	2	1	8	0.751113	0.504948	0.297042	0.820554	0.0418565	-0.0475254	0.568050.744447	0.503508	0.307436	0.816207	0.0480155	-0.0472923	0.5738150.741583	0.428165	0.378745	0.800208	0.0861459	-0.0409329	0.592090.75263	0.239197	0.475116	0.796075	0.103378	-0.0502925	0.5941790.7076	0.0420987	0.527157	0.799569	0.0681055	-0.0510234	0.5945150.657423	-0.113013	0.534889	0.822336	0.0175166	-0.0356656	0.5676130.65065	-0.155714	0.533708	0.835591	0.00709097	-0.0308986	0.5484360.651199	-0.157348	0.534011	0.836517	0.00725472	-0.0312669	0.547
r	LBKPIECEConfigDefault	3	0	1	8	0.155763	-0.871047	0.3961	0.996905	-0.0178002	0.0169854	0.07466390.167781	-0.876832	0.392316	0.997376	-0.0175321	0.010806	0.06941150.268988	-0.899076	0.370906	0.997958	-0.0134751	-0.0244707	0.05743470.473896	-0.883552	0.313078	0.996797	0.0074128	-0.0626167	0.04918650.647814	-0.787719	0.240857	0.996063	0.0333934	-0.0594842	0.05660510.721076	-0.704453	0.204166	0.99497	0.0434453	-0.0451806	0.07814290.730399	-0.690757	0.204653	0.994097	0.043917	-0.0452462	0.08829140.730433	-0.690568	0.204107	0.994102	0.0439504	-0.0449035	0.0883874
r	LBKPIECEConfigDefault	3	1	1	22	0.730466	-0.690538	0.204242	0.994096	0.0439353	-0.0449807	0.08842790.731712	-0.690182	0.204104	0.994273	0.0360441	-0.0426264	0.09113090.746249	-0.684703	0.202727	0.992755	-0.0299378	-0.0231899	0.1140310.770448	-0.673847	0.169171	0.987578	-0.0874455	0.0230709	0.1284930.846718	-0.601779	0.123009	0.96351	-0.186658	0.0764981	0.1759440.938337	-0.486145	0.123481	0.923043	-0.297332	0.0650502	0.2352751.00768	-0.341579	0.141683	0.87926	-0.375395	0.0177865	0.2926851.05477	-0.183618	0.174684	0.831749	-0.435006	-0.0513652	0.3410651.06965	-0.00544208	0.225135	0.78225	-0.468217	-0.136133	0.3877181.05637	0.133665	0.272524	0.755065	-0.468602	-0.198688	0.4132951.03956	0.226672	0.312689	0.777589	-0.418535	-0.231176	0.408340.971982	0.342141	0.28503	0.826049	-0.287705	-0.212152	0.4357290.740739	0.557873	0.21211	0.863927	0.0568515	-0.0606323	0.4967120.471606	0.716664	0.30833	0.755453	0.424542	0.161072	0.4723460.357264	0.754051	0.540202	0.504894	0.708544	0.367029	0.3291470.455835	0.696517	0.725917	0.160388	0.849056	0.49465	0.09327350.65558	0.599888	0.742949	-0.192775	0.824551	0.509829	-0.1517480.81455	0.522665	0.590325	0.515634	-0.645181	-0.418899	0.3773410.835854	0.497983	0.408882	0.725436	-0.368418	-0.266045	0.5169430.792115	0.50157	0.322112	0.802974	-0.135326	-0.139758	0.5633710.753204	0.502457	0.298421	0.821422	0.0439486	-0.0483331	0.5665670.751189	0.504794	0.297141	0.820681	0.0415691	-0.0487411	0.567784
r	LBKPIECEConfigDefault	3	2	1	8	0.751044	0.504881	0.297148	0.820627	0.0416838	-0.048689	0.5678580.744959	0.503031	0.305957	0.816848	0.0469727	-0.0475925	0.5729640.740835	0.420472	0.379893	0.801125	0.0855458	-0.0364082	0.5912320.746844	0.216231	0.478389	0.797467	0.099576	-0.0422023	0.5935910.689838	0.00580744	0.528821	0.801447	0.0556091	-0.0420781	0.5939860.647319	-0.133767	0.533938	0.825433	0.00875233	-0.0310297	0.5635780.651049	-0.156633	0.534038	0.835983	0.00742587	-0.0310476	0.5478260.651183	-0.157329	0.53408	0.836318	0.00742486	-0.0310979	0.547312
r	LBKPIECEConfigDefault	4	0	1	8	0.155649	-0.871064	0.396075	0.996912	-0.0177724	0.0170169	0.07457060.163307	-0.87546	0.39284	0.997321	-0.0172696	0.0131658	0.06985390.258111	-0.898195	0.373181	0.998021	-0.0139831	-0.0213548	0.05746460.459318	-0.887143	0.316909	0.996957	0.00616705	-0.0601449	0.04920030.638001	-0.797008	0.244991	0.996271	0.0314136	-0.0603672	0.05303350.718212	-0.708685	0.207402	0.995013	0.0421349	-0.0468507	0.07732880.730109	-0.690881	0.203827	0.994223	0.0435183	-0.0448294	0.08727550.730443	-0.690543	0.204271	0.994191	0.0434028	-0.0450438	0.0875851
r	LBKPIECEConfigDefault	4	1	1	13	0.73045	-0.690536	0.204271	0.99419	0.0434204	-0.0450518	0.0875830.730005	-0.690832	0.201224	0.994441	0.0436602	-0.0404347	0.08687230.743631	-0.666996	0.179006	0.994036	0.0445289	-0.0031979	0.09949190.792955	-0.596216	0.145969	0.989387	0.039017	0.0581116	0.1273330.8583	-0.500334	0.133806	0.983656	0.0262932	0.089203	0.1541810.924457	-0.383583	0.141308	0.979205	0.0151364	0.0881574	0.1820930.979598	-0.23939	0.165489	0.972752	0.00919474	0.0615032	0.2233511.00415	-0.0663745	0.201308	0.958134	0.0129893	0.0227527	0.2851190.98221	0.124102	0.241295	0.930157	0.0229438	-0.0150183	0.3661380.905631	0.313294	0.276545	0.886682	0.034185	-0.0408094	0.4593060.794028	0.462088	0.294229	0.83773	0.0401406	-0.0479294	0.5424940.752461	0.503586	0.297035	0.821172	0.0414333	-0.0478404	0.567160.751076	0.504883	0.29713	0.82066	0.0414803	-0.047862	0.567896
r	LBKPIECEConfigDefault	4	2	1	10	0.751065	0.504893	0.297126	0.820656	0.0414788	-0.0478598	0.5679020.744803	0.504121	0.297545	0.816023	0.040269	-0.0456074	0.5748090.716895	0.456932	0.322349	0.780789	0.0209144	-0.0319994	0.6236250.71865	0.300031	0.35652	0.757527	-0.00780587	0.000600205	0.6527570.707399	0.132584	0.396781	0.762768	-0.00474716	0.0297165	0.6459720.677331	-0.00784012	0.458885	0.78577	0.0135551	0.0216524	0.6179910.652483	-0.115021	0.521389	0.81903	0.0116079	-0.0199556	0.5732860.650649	-0.154068	0.534014	0.835096	0.00666873	-0.0307289	0.5492040.651131	-0.157258	0.534023	0.836543	0.00663528	-0.030754	0.5469970.651174	-0.157404	0.534047	0.836619	0.00664743	-0.0307834	0.54688
r	RRTConnectConfigDefault	0	0	1	8	0.155711	-0.871052	0.396143	0.996907	-0.0178404	0.0169096	0.07464550.164036	-0.875536	0.392754	0.997315	-0.017218	0.012736	0.07003320.260172	-0.898381	0.373425	0.997981	-0.0143783	-0.0223566	0.05769080.462891	-0.886622	0.317075	0.996895	0.00603727	-0.0613521	0.04899510.640157	-0.79439	0.244089	0.996166	0.0321957	-0.0595935	0.05536390.718773	-0.7074	0.206448	0.994935	0.0422562	-0.0457141	0.07892590.730095	-0.690821	0.204163	0.99414	0.043727	-0.0443589	0.08834990.730322	-0.690552	0.204247	0.994124	0.0436419	-0.0443602	0.0885755
r	RRTConnectConfigDefault	0	1	1	13	0.730345	-0.690532	0.204321	0.99412	0.0436487	-0.0444094	0.0885930.734544	-0.689771	0.211154	0.993813	0.037532	-0.048231	0.09274210.794328	-0.633904	0.257946	0.985196	-0.00471715	-0.0746324	0.1542630.891178	-0.479715	0.326138	0.955003	-0.0544151	-0.117498	0.2668370.952963	-0.311869	0.386846	0.917721	-0.0813495	-0.161029	0.3538910.980893	-0.159478	0.429946	0.887685	-0.0835269	-0.192231	0.4099840.985714	-0.00777718	0.453046	0.866193	-0.0650912	-0.206449	0.4503910.968821	0.135285	0.445761	0.85582	-0.0316874	-0.193623	0.4786220.926073	0.272756	0.402752	0.852141	0.00626578	-0.148986	0.5016170.850703	0.401853	0.325348	0.848821	0.0343468	-0.076389	0.5220030.763036	0.493904	0.297892	0.824943	0.041979	-0.048652	0.5615510.751204	0.504772	0.297096	0.820611	0.0419672	-0.0479871	0.5679210.751019	0.504918	0.297077	0.820543	0.042009	-0.0479473	0.568019
r	RRTConnectConfigDefault	0	2	1	8	0.75102	0.504919	0.297078	0.820543	0.0420068	-0.0479498	0.5680180.744456	0.504838	0.302588	0.816763	0.046859	-0.046109	0.5732150.74245	0.441011	0.372969	0.801665	0.0828167	-0.0457099	0.5902420.756108	0.261907	0.469507	0.795698	0.105256	-0.0547092	0.5939640.718877	0.0697948	0.525126	0.798043	0.0764764	-0.056822	0.5950210.663084	-0.0958801	0.536259	0.818459	0.023103	-0.0398283	0.5727170.650344	-0.153967	0.533823	0.834784	0.00706551	-0.0310363	0.5496560.651213	-0.157226	0.534069	0.836481	0.0072353	-0.0313601	0.54705
r	RRTConnectConfigDefault	1	0	1	8	0.155664	-0.871032	0.396034	0.996914	-0.0176948	0.016926	0.07458260.168156	-0.876912	0.392281	0.997388	-0.0173769	0.0105393	0.06931750.269404	-0.899246	0.371035	0.997948	-0.0137745	-0.0249358	0.05734040.473945	-0.883556	0.313196	0.996808	0.00723232	-0.0627139	0.0488730.647957	-0.78853	0.241296	0.996188	0.0331255	-0.0600015	0.0539670.720833	-0.704599	0.204181	0.995001	0.0427075	-0.0453563	0.07805540.730286	-0.690697	0.204636	0.994141	0.0434119	-0.0453915	0.08797310.730324	-0.690508	0.204091	0.994146	0.0434465	-0.0450492	0.0880672
r	RRTConnectConfigDefault	1	1	1	11	0.730357	-0.690478	0.204226	0.99414	0.043431	-0.045126	0.08810730.732866	-0.692947	0.203537	0.994508	0.0424186	-0.0425496	0.08570070.785131	-0.64665	0.200731	0.992502	0.0373399	-0.0268435	0.1132480.882196	-0.507366	0.202709	0.982216	0.0286722	-0.00988589	0.1852870.95468	-0.322674	0.212005	0.964122	0.0206141	-0.00409082	0.2646250.985684	-0.114365	0.228844	0.940239	0.0161768	-0.00975634	0.3399910.963715	0.108077	0.251676	0.909136	0.0192747	-0.0221654	0.4154610.884336	0.330291	0.281156	0.870057	0.0305741	-0.0409738	0.4902940.781556	0.477256	0.297886	0.831746	0.0412504	-0.05006	0.5513540.751469	0.504661	0.29714	0.820443	0.0419888	-0.0484758	0.568120.751107	0.504985	0.297091	0.820311	0.0419927	-0.048442	0.568313
r	RRTConnectConfigDefault	1	2	1	40	0.751105	0.50499	0.2971	0.820311	0.0419971	-0.0484464	0.5683130.751318	0.506584	0.298484	0.821422	0.0458517	-0.0480804	0.5664380.745068	0.537373	0.32475	0.830857	0.10706	-0.0439253	0.544320.728385	0.567975	0.348037	0.829262	0.150949	-0.0426899	0.5363920.741533	0.60437	0.45579	0.821283	0.298759	-0.0609837	0.4822020.764947	0.600648	0.653176	0.751384	0.491865	-0.119525	0.4233260.801282	0.474666	0.894109	0.616725	0.65952	-0.224903	0.36620.795893	0.27651	1.07797	0.464081	0.741628	-0.346354	0.3386080.803614	0.201986	1.1155	0.435202	0.74788	-0.384975	0.3210420.863998	0.152274	1.10733	0.475879	0.738869	-0.394757	0.2679170.823469	0.161454	1.13154	0.529281	0.638544	-0.478034	0.2891470.697089	0.214225	1.17354	0.55049	0.451585	-0.618089	0.3331650.740899	0.190661	1.15221	0.580875	0.428961	-0.617876	0.3111360.993035	-0.0473698	1.01347	0.677544	0.487666	-0.530473	0.1473591.10257	-0.462044	0.847738	0.668835	0.553212	-0.489743	-0.08227040.987972	-0.895564	0.686637	0.532277	0.612637	-0.507168	-0.2900650.676508	-1.23648	0.552278	0.31281	0.625585	-0.582281	-0.4144170.413557	-1.36629	0.494817	-0.18169	-0.591224	0.648468	0.4437710.554483	-1.30759	0.54624	-0.267084	-0.607978	0.617117	0.4221310.867149	-1.06693	0.660505	0.438094	0.640179	-0.540905	-0.3250651.07844	-0.688788	0.789015	0.570117	0.64976	-0.475003	-0.1647791.10842	-0.294436	0.918274	0.62891	0.638789	-0.442903	0.01606841.02194	-0.00973787	1.01261	0.6182	0.642071	-0.427361	0.1514491.10041	0.00798477	0.864879	0.730635	0.563682	-0.367282	0.1163611.1934	-0.182134	0.637931	0.860682	0.409514	-0.302403	0.008805721.18197	-0.397973	0.354027	0.953325	0.239435	-0.15984	-0.09107011.02904	-0.658657	0.121995	0.976626	0.0776128	0.0194242	-0.19950.757241	-0.885527	-0.00812672	0.928047	-0.0498931	0.215197	-0.2998820.417312	-1.03038	-0.0204442	0.81563	-0.13283	0.409496	-0.3865450.0942211	-1.06345	0.0757333	0.652978	-0.177811	0.588171	-0.442785-0.12549	-1.0147	0.258014	0.458601	-0.20246	0.726248	-0.470382-0.232732	-0.901493	0.507782	0.217953	-0.20448	0.818315	-0.490962-0.206508	-0.767054	0.721583	-0.00792232	-0.18533	0.84347	-0.504132-0.0601957	-0.600494	0.894788	-0.25838	-0.144455	0.802265	-0.5184050.140477	-0.45976	0.953092	-0.464838	-0.0992668	0.701007	-0.5316580.371608	-0.338841	0.899839	0.648915	0.0611163	-0.528154	0.5442680.557512	-0.246835	0.746113	0.779083	0.0378922	-0.299388	0.5495090.645201	-0.176682	0.568211	0.835365	0.0159926	-0.0735185	0.5445220.651308	-0.157824	0.534061	0.836518	0.00710599	-0.0306696	0.5470350.651256	-0.157457	0.534085	0.836354	0.00711033	-0.0307205	0.547283
r	RRTConnectConfigDefault	2	0	1	8	0.155678	-0.871019	0.396013	0.996907	-0.0177481	0.0169976	0.07465370.167393	-0.876643	0.392073	0.997374	-0.0172262	0.0111386	0.06946410.268953	-0.899258	0.371544	0.997958	-0.0140026	-0.0248582	0.05714360.472862	-0.883658	0.31366	0.996821	0.00735079	-0.0621781	0.04927480.64743	-0.789222	0.240664	0.996257	0.0333364	-0.0591165	0.05352880.720854	-0.704804	0.204692	0.995007	0.0427682	-0.0450816	0.07809970.730124	-0.69081	0.204065	0.994177	0.0436876	-0.0444752	0.08789130.730377	-0.690511	0.204263	0.994155	0.0435873	-0.0445402	0.0881585
r	RRTConnectConfigDefault	2	1	1	13	0.730397	-0.690495	0.204325	0.994152	0.0435979	-0.0445839	0.08817130.734672	-0.689926	0.211236	0.993856	0.0374861	-0.0486229	0.09209030.793584	-0.634352	0.257746	0.985334	-0.00433367	-0.0743719	0.1535140.890895	-0.481548	0.327423	0.955084	-0.0552256	-0.118703	0.2658450.952763	-0.31385	0.388529	0.917757	-0.0821632	-0.162234	0.3530610.98176	-0.153504	0.434335	0.886009	-0.0844012	-0.195469	0.4118940.986187	-0.00322181	0.456796	0.865038	-0.0653362	-0.209259	0.4512770.968612	0.138918	0.447868	0.855411	-0.0310036	-0.194644	0.4789830.925161	0.27601	0.402769	0.851682	0.0069608	-0.1484	0.502560.84788	0.405642	0.324835	0.847521	0.0347362	-0.075311	0.5242420.765228	0.492498	0.29807	0.825449	0.0410877	-0.0488988	0.5608510.751256	0.504911	0.297163	0.820283	0.0416592	-0.0476193	0.5684480.751097	0.505058	0.297118	0.820227	0.0416376	-0.0475953	0.568532
r	RRTConnectConfigDefault	2	2	1	8	0.751095	0.505059	0.297117	0.820226	0.0416373	-0.0475953	0.5685330.744595	0.504464	0.30616	0.816084	0.047319	-0.0474251	0.5740370.742611	0.436049	0.377241	0.800382	0.0849995	-0.045518	0.5916860.756292	0.255188	0.473285	0.795283	0.105019	-0.0562494	0.5944180.71703	0.0642235	0.526174	0.797748	0.0749787	-0.0567101	0.5956180.662196	-0.0989842	0.535219	0.818721	0.0215184	-0.0383118	0.5725080.650432	-0.154351	0.53383	0.834683	0.00723293	-0.0309583	0.5498130.651285	-0.157328	0.534098	0.836262	0.00740309	-0.0313082	0.547386
r	RRTConnectConfigDefault	3	0	1	17	0.155724	-0.871029	0.395995	0.996906	-0.0177187	0.0170159	0.07466740.148119	-0.871369	0.373671	0.996922	-0.00320786	0.0319776	0.07151570.116291	-0.853838	0.234386	0.984078	0.0846911	0.132662	0.08257570.0469985	-0.778212	0.0532865	0.917319	0.210639	0.308085	0.138709-0.0617775	-0.695712	-0.0439013	0.794569	0.294245	0.485304	0.215778-0.190641	-0.653879	-0.0518557	0.619732	0.33158	0.648158	0.29305-0.2953	-0.679272	0.0149326	0.402414	0.321762	0.77947	0.356312-0.330873	-0.767753	0.125226	0.156656	0.270161	0.863539	0.395945-0.272733	-0.8864	0.240212	-0.0985848	0.187329	0.890209	0.403382-0.124248	-0.99071	0.329123	-0.34668	0.090298	0.854243	0.3767330.0813098	-1.04328	0.370971	0.568177	0.00341972	-0.758299	-0.3196040.299807	-1.02768	0.364902	0.751595	0.0748432	-0.611525	-0.235670.479505	-0.958307	0.32436	0.879784	0.109576	-0.440127	-0.1423430.6179	-0.850645	0.264645	0.963245	0.102326	-0.245162	-0.03979420.703213	-0.737976	0.216978	0.992792	0.0618432	-0.0886063	0.0518530.729274	-0.69247	0.204201	0.994298	0.0441246	-0.0450706	0.08598360.730304	-0.690557	0.204299	0.994163	0.0440403	-0.0450493	0.0875865
r	RRTConnectConfigDefault	3	1	1	17	0.730336	-0.690508	0.204307	0.994159	0.0440414	-0.0450609	0.08762390.73488	-0.691278	0.211546	0.99349	0.0432057	-0.057373	0.08842320.777069	-0.707298	0.339652	0.967765	0.0279698	-0.233153	0.09103680.740448	-0.758301	0.609198	0.822257	0.0222731	-0.567084	0.04258790.585179	-0.844032	0.749892	0.578481	0.0982722	-0.807403	-0.06166120.457171	-0.94235	0.696535	-0.286892	-0.237843	0.908595	0.1886250.492644	-0.972492	0.526647	-0.00638694	-0.423791	0.860575	0.2824360.642327	-0.895276	0.402543	0.205384	-0.573793	0.725792	0.3190680.809982	-0.729756	0.353298	-0.383417	0.669336	-0.546456	-0.326140.924813	-0.532684	0.344481	0.551734	-0.690507	0.371432	0.2843030.985109	-0.333983	0.329818	0.69054	-0.635148	0.221527	0.2658321.00881	-0.106731	0.301065	0.808386	-0.505505	0.0856566	0.2892050.98989	0.103508	0.273398	0.871944	-0.343447	-0.000933566	0.3489370.914351	0.311771	0.268466	0.880606	-0.164259	-0.048609	0.4418010.79604	0.466648	0.286225	0.84141	-0.00623038	-0.0530096	0.5377550.74975	0.506122	0.29713	0.819966	0.0418341	-0.0475365	0.5688990.750998	0.504997	0.297048	0.820434	0.0415955	-0.0475659	0.568238
r	RRTConnectConfigDefault	3	2	1	11	0.751019	0.504976	0.297044	0.820443	0.0415948	-0.0475634	0.5682260.746291	0.50587	0.293078	0.821492	0.0432658	-0.0416113	0.5670520.717861	0.493725	0.264269	0.831732	0.0571165	0.0113743	0.5521140.700868	0.428082	0.254587	0.842757	0.0740718	0.0846942	0.5264040.686674	0.341847	0.293467	0.83747	0.0893158	0.126997	0.5239640.67638	0.231725	0.365582	0.824926	0.0939866	0.126323	0.5428690.668553	0.0911692	0.448519	0.816466	0.0774726	0.0780564	0.5668240.651729	-0.0753425	0.5202	0.818315	0.0290413	-0.00566128	0.5740080.650699	-0.15315	0.535166	0.83458	0.0079777	-0.031974	0.5498990.651189	-0.157345	0.533884	0.836341	0.00750022	-0.0306282	0.5473020.651159	-0.157445	0.533952	0.836378	0.00748029	-0.0306784	0.547244
r	RRTConnectConfigDefault	4	0	1	14	0.155732	-0.870991	0.39605	0.99691	-0.0176715	0.0169148	0.07464980.163461	-0.86625	0.401119	0.99729	-0.00641787	0.00741767	0.07291020.234275	-0.818645	0.454074	0.989286	0.100297	-0.0737279	0.07627660.328297	-0.716396	0.617377	0.903914	0.340929	-0.217313	0.1395790.317759	-0.668987	0.820081	0.712029	0.582916	-0.303672	0.2469970.231709	-0.743453	0.976625	0.424764	0.770903	-0.314754	0.3552670.165126	-0.93114	1.01218	0.0755147	0.862756	-0.257667	0.4284360.203341	-1.13963	0.90389	-0.285512	0.836824	-0.156653	0.4400780.347709	-1.24578	0.70703	0.592334	-0.706592	0.0513493	-0.3837090.543817	-1.19026	0.478566	0.833305	-0.485305	-0.03471	-0.2624460.686701	-0.98134	0.299828	0.968315	-0.217467	-0.0713391	-0.09992120.726388	-0.755102	0.217217	0.997336	-0.00525259	-0.0560508	0.04637720.729348	-0.691942	0.20414	0.994238	0.0432836	-0.0447239	0.08727270.730314	-0.690541	0.204239	0.994142	0.0433635	-0.0447617	0.0883008
r	RRTConnectConfigDefault	4	1	1	10	0.730334	-0.690511	0.204237	0.99414	0.0433649	-0.0447589	0.08832310.738568	-0.688246	0.206099	0.994136	0.044933	-0.0446085	0.08765990.817552	-0.609507	0.214854	0.989695	0.0529698	-0.0394599	0.1270450.929446	-0.407243	0.229473	0.973293	0.0601539	-0.0305797	0.2194240.983921	-0.158924	0.245134	0.946673	0.0569722	-0.0258511	0.3160650.964499	0.103835	0.263964	0.910484	0.0503234	-0.0291532	0.4094350.873649	0.344825	0.286012	0.865986	0.0423533	-0.0416134	0.496530.770757	0.486935	0.297477	0.827742	0.0407395	-0.0493237	0.557450.751222	0.504836	0.297136	0.820505	0.0415687	-0.0483705	0.568070.751039	0.505022	0.297138	0.820438	0.0415481	-0.0483887	0.568168
r	RRTConnectConfigDefault	4	2	1	8	0.751042	0.505023	0.29714	0.820438	0.0415435	-0.0483943	0.5681660.744121	0.50121	0.308274	0.816221	0.0479977	-0.0459958	0.5739030.740011	0.405575	0.387581	0.80155	0.0851829	-0.0306103	0.5910370.733369	0.176765	0.488401	0.797509	0.0922897	-0.0317175	0.5953610.665568	-0.0525613	0.532287	0.807364	0.0330084	-0.0340251	0.5881460.650227	-0.150189	0.535046	0.833465	0.00759646	-0.031727	0.5516090.651233	-0.15718	0.534007	0.83654	0.00692895	-0.0305889	0.5470070.651272	-0.157439	0.533997	0.836658	0.00690705	-0.0305781	0.546828
r	RRTStarConfigDefault	0	0	1	8	0.155791	-0.871003	0.396121	0.996903	-0.0177734	0.0168863	0.07471750.162449	-0.875139	0.393475	0.997286	-0.017565	0.0133728	0.07023390.255077	-0.897395	0.373901	0.998	-0.0138701	-0.0206169	0.05811690.456559	-0.888456	0.319631	0.996916	0.0054405	-0.0614425	0.04851220.649927	-0.786605	0.239822	0.996159	0.033766	-0.0591715	0.05501420.721509	-0.703776	0.203703	0.994987	0.0435875	-0.0447255	0.07811280.730401	-0.690733	0.204668	0.994134	0.0441315	-0.0449664	0.08790370.730417	-0.690552	0.204063	0.994141	0.0441891	-0.044599	0.0879831
r	RRTStarConfigDefault	0	1	1	11	0.730447	-0.690524	0.204187	0.994136	0.0441714	-0.0446677	0.08802290.734641	-0.692515	0.203814	0.994493	0.0430672	-0.0422278	0.08570750.792795	-0.640639	0.203457	0.992057	0.0384015	-0.0303277	0.115880.890866	-0.499945	0.207976	0.981735	0.0308288	-0.0177441	0.1869010.962186	-0.312076	0.218509	0.96333	0.0240959	-0.0137618	0.266880.988747	-0.100934	0.234884	0.938325	0.0206476	-0.0178482	0.3446760.962828	0.121578	0.256753	0.906678	0.0225743	-0.0285159	0.4202520.877638	0.34151	0.283194	0.866886	0.0316624	-0.0428779	0.495650.778435	0.479221	0.297452	0.83079	0.0403427	-0.0490341	0.5529520.751323	0.50468	0.296997	0.820797	0.0412336	-0.048118	0.5676940.75102	0.504975	0.297031	0.820689	0.0412618	-0.0481284	0.567848
r	RRTStarConfigDefault	0	2	1	16	0.751017	0.504978	0.297037	0.820688	0.0412637	-0.0481307	0.5678490.743806	0.506255	0.306111	0.81938	0.0497974	-0.0451564	0.5692950.701872	0.50183	0.36213	0.811786	0.0983438	-0.022655	0.5751680.623265	0.476713	0.447265	0.79927	0.17911	0.0334542	0.5726850.564624	0.442364	0.507629	0.795263	0.249465	0.0903017	0.5451330.536146	0.413643	0.549275	0.796091	0.31287	0.126821	0.5022630.537422	0.38785	0.579374	0.796557	0.36017	0.131582	0.4673980.555778	0.353773	0.603627	0.795663	0.386122	0.111551	0.4531960.563978	0.309539	0.628331	0.784269	0.379953	0.070781	0.4853330.572617	0.252618	0.639131	0.776123	0.341075	0.0260456	0.5297380.57522	0.18256	0.633066	0.770338	0.27771	-0.00921445	0.5739080.584918	0.0995497	0.610217	0.77363	0.19734	-0.0315197	0.6012980.611254	-0.00451637	0.576005	0.792242	0.103597	-0.0423009	0.5998590.641833	-0.115847	0.5445	0.823793	0.0292036	-0.0364699	0.5649620.650963	-0.156963	0.533823	0.836502	0.00716566	-0.0310495	0.5470370.651177	-0.157355	0.534056	0.836792	0.00714061	-0.0312589	0.546581
r	RRTStarConfigDefault	1	0	1	8	0.155715	-0.870966	0.396121	0.996905	-0.0177443	0.0169563	0.07468310.163471	-0.875299	0.393043	0.997309	-0.0172639	0.012969	0.07006790.257947	-0.898009	0.373681	0.997992	-0.0142476	-0.021572	0.05783230.459736	-0.887561	0.3181	0.996928	0.00578286	-0.0610788	0.0486880.638198	-0.797012	0.24526	0.996255	0.0321682	-0.0603732	0.05287570.718213	-0.708664	0.207283	0.995027	0.0429765	-0.0461623	0.07709350.73005	-0.690916	0.203746	0.994213	0.0441735	-0.0441984	0.08738390.730406	-0.690553	0.204292	0.994176	0.0440545	-0.0444748	0.0877261
r	RRTStarConfigDefault	1	1	1	16	0.730382	-0.690564	0.204154	0.994181	0.0440772	-0.0443986	0.08769760.731812	-0.681472	0.207889	0.993206	0.0625254	-0.0453794	0.0870210.75333	-0.597897	0.241957	0.975627	0.188476	-0.0495064	0.1008890.782757	-0.434247	0.351865	0.889914	0.431573	-0.038427	0.142550.7923	-0.307538	0.503607	0.736974	0.65003	0.00328785	0.1852580.798259	-0.250214	0.660057	0.530309	0.819099	0.0693311	0.2074670.827855	-0.253472	0.784604	0.284159	0.925924	0.149971	0.1985650.895823	-0.282722	0.845772	0.0192178	0.960322	0.232296	0.1531370.995419	-0.292702	0.828482	-0.243034	0.919456	0.300921	0.07057671.0957	-0.24307	0.737438	-0.480592	0.806525	0.341449	-0.04429231.1511	-0.116472	0.601182	0.668003	-0.636454	-0.341695	0.1787221.12413	0.0719722	0.455631	0.795916	-0.422199	-0.293112	0.3199220.998001	0.282691	0.34396	0.851739	-0.188486	-0.194096	0.4487090.828208	0.448155	0.301542	0.83813	-0.0140068	-0.089513	0.5378930.753471	0.502876	0.297002	0.821091	0.0419579	-0.0482549	0.5672040.751118	0.504986	0.297103	0.820245	0.0423312	-0.0480939	0.568412
r	RRTStarConfigDefault	1	2	1	19	0.751104	0.505004	0.297121	0.82024	0.0423409	-0.0481028	0.5684190.766195	0.499158	0.290578	0.824139	0.0253693	-0.0568796	0.5629530.954953	0.376125	0.266222	0.850144	-0.162331	-0.154622	0.4764411.19438	0.0330339	0.346143	0.76888	-0.505857	-0.260632	0.2915531.23325	-0.266493	0.504169	0.5075	-0.80126	-0.282265	0.1440581.14997	-0.426172	0.571543	-0.116323	0.958647	0.237106	-0.1060411.05085	-0.515689	0.500052	0.166261	0.950626	0.204214	-0.1642070.927867	-0.515137	0.367464	0.374692	0.856966	0.268255	-0.2307710.816579	-0.445351	0.290255	0.481398	0.760227	0.382543	-0.2096960.695449	-0.317691	0.264601	0.577125	0.624429	0.520996	-0.07468780.608149	-0.244755	0.27149	0.647832	0.487751	0.578089	0.09068910.561659	-0.20125	0.292179	0.699639	0.361569	0.562946	0.250730.548562	-0.173135	0.318612	0.741599	0.242882	0.489543	0.3890860.565464	-0.157663	0.355581	0.778029	0.136675	0.36762	0.4907620.60307	-0.152791	0.412464	0.810292	0.0527049	0.213496	0.5432020.643541	-0.165698	0.486107	0.836379	0.00275194	0.0540039	0.5454780.651844	-0.16115	0.532467	0.838257	0.00700089	-0.0280495	0.5445080.651204	-0.157503	0.53404	0.836508	0.00731544	-0.0306574	0.5470480.651168	-0.157349	0.534042	0.836431	0.00731171	-0.0306594	0.547165
r	RRTStarConfigDefault	2	0	1	8	0.155664	-0.871028	0.396054	0.996913	-0.0176915	0.0169519	0.074590.169214	-0.876895	0.393575	0.997315	-0.0186593	0.00918544	0.07022010.280022	-0.901634	0.376831	0.997422	-0.0213953	-0.0352545	0.05872560.492083	-0.881532	0.324711	0.995462	0.0001672	-0.0799578	0.05159270.660227	-0.781019	0.243693	0.995651	0.0324501	-0.0667735	0.05627080.723032	-0.700017	0.202235	0.994777	0.0436596	-0.0442228	0.08097140.730346	-0.690539	0.204782	0.994126	0.0437888	-0.045356	0.08797570.730349	-0.690501	0.204207	0.994144	0.0438818	-0.0450201	0.0878924
r	RRTStarConfigDefault	2	1	1	22	0.730364	-0.690479	0.20426	0.994141	0.0438625	-0.0450445	0.08792370.729104	-0.685573	0.203982	0.993764	0.0515476	-0.0430297	0.08901730.714379	-0.645423	0.188874	0.98843	0.11618	-0.0158694	0.09620970.650999	-0.551263	0.127719	0.944524	0.304175	0.0960912	0.07822060.602502	-0.508311	0.119235	0.863168	0.471317	0.181112	-0.0001164840.59568	-0.533591	0.160147	0.767961	0.599576	0.193293	-0.1156780.613914	-0.615103	0.240524	0.674075	0.691869	0.128731	-0.2244290.623211	-0.714835	0.353166	0.594736	0.750853	0.0207393	-0.2864940.625107	-0.731788	0.376134	0.580196	0.756984	0.00389203	-0.3005540.594551	-0.727915	0.308807	0.587272	0.731819	0.0529901	-0.3416780.433416	-0.70881	0.118406	0.587674	0.621325	0.23022	-0.4643190.191772	-0.684146	0.0346424	0.548674	0.437566	0.454533	-0.548537-0.0373611	-0.711959	0.14107	0.449026	0.19798	0.649703	-0.580573-0.122594	-0.769871	0.413981	0.282106	-0.065713	0.76955	-0.5691140.0117007	-0.769431	0.742653	0.0546705	-0.308598	0.789739	-0.5273430.306486	-0.625063	0.973265	-0.201401	-0.475378	0.705771	-0.4851190.634188	-0.315905	1.00996	-0.46649	-0.533183	0.535532	-0.4596830.835375	0.0622476	0.822383	0.689755	0.449393	-0.322565	0.4671570.855049	0.348813	0.512132	0.818592	0.238579	-0.134423	0.5048940.783053	0.474297	0.326977	0.829498	0.0705423	-0.058106	0.5509820.751751	0.504597	0.297044	0.82099	0.0409752	-0.0480055	0.5674430.751085	0.505008	0.297131	0.820705	0.0413425	-0.0478122	0.567845
r	RRTStarConfigDefault	2	2	1	8	0.75111	0.505	0.297132	0.820716	0.0413022	-0.0478328	0.5678310.743955	0.500725	0.310149	0.815478	0.0490427	-0.0462874	0.5748450.736097	0.412976	0.389971	0.795626	0.0847484	-0.0371921	0.5986770.720701	0.172651	0.500665	0.785854	0.0886548	-0.0420222	0.6105810.667008	-0.0671941	0.536184	0.811726	0.029682	-0.0389536	0.5819810.650655	-0.151141	0.534748	0.834032	0.00759251	-0.0320354	0.5507320.651126	-0.157302	0.533968	0.836419	0.00683507	-0.0311931	0.5471590.651172	-0.157482	0.533989	0.836514	0.00685387	-0.0312188	0.547012
r	RRTStarConfigDefault	3	0	1	8	0.155692	-0.871043	0.396085	0.996907	-0.0178119	0.0169762	0.07463840.168349	-0.87692	0.392451	0.997393	-0.0173998	0.0103639	0.06925680.270554	-0.899513	0.370937	0.997959	-0.0140405	-0.0251035	0.05701850.475283	-0.883105	0.313003	0.996806	0.00784666	-0.0626346	0.04892680.648952	-0.787492	0.240476	0.996172	0.0336998	-0.0591618	0.05482440.719302	-0.706962	0.206008	0.994975	0.043077	-0.0456073	0.07803330.73016	-0.690749	0.204124	0.994148	0.0442637	-0.044439	0.08795410.730357	-0.690472	0.204133	0.994132	0.0441969	-0.0443986	0.0881838
r	RRTStarConfigDefault	3	1	1	13	0.730382	-0.690452	0.204217	0.994128	0.0442009	-0.0444532	0.08820340.7322	-0.679864	0.209034	0.992896	0.0657998	-0.0465005	0.0875490.758512	-0.572471	0.259992	0.964256	0.236937	-0.0559534	0.1045940.790393	-0.383	0.430786	0.817518	0.552716	-0.0391057	0.156970.804632	-0.287569	0.63684	0.564612	0.801694	0.0291364	0.1940380.850857	-0.299313	0.793025	0.235776	0.946165	0.127807	0.1812360.958779	-0.339078	0.829066	-0.115783	0.961349	0.225841	0.1067631.08542	-0.309506	0.740878	-0.424883	0.857378	0.290029	-0.01613191.16313	-0.151062	0.56119	0.684242	-0.638222	-0.299981	0.1857351.09867	0.116148	0.384615	0.832069	-0.347752	-0.235017	0.3626250.884739	0.390552	0.299734	0.853287	-0.0512051	-0.104042	0.5083850.759258	0.497282	0.297191	0.823838	0.0422061	-0.0477269	0.5632330.75113	0.504942	0.297175	0.820703	0.0418518	-0.0479306	0.567801
r	RRTStarConfigDefault	3	2	1	25	0.751053	0.505013	0.297183	0.820677	0.0418669	-0.0479261	0.5678370.759845	0.500376	0.294642	0.822628	0.0301734	-0.0533132	0.565270.835032	0.448696	0.283189	0.834763	-0.0569994	-0.0918976	0.5398850.844566	0.442537	0.282186	0.835036	-0.0712593	-0.0981851	0.5366541.07717	0.203863	0.335655	0.788173	-0.410961	-0.208028	0.408191.15972	0.0548966	0.423119	0.688757	-0.605981	-0.239818	0.3176291.19251	-0.0573675	0.51963	0.530131	-0.776978	-0.245696	0.2343091.19178	-0.118023	0.59073	-0.34047	0.895158	0.229083	-0.1740461.17861	-0.148666	0.621358	-0.112864	0.965331	0.192411	-0.1355581.16769	-0.165563	0.57307	0.140742	0.969042	0.148857	-0.1378081.15735	-0.211529	0.449365	0.386658	0.897232	0.111029	-0.1820511.12876	-0.333337	0.29871	0.598395	0.756399	0.0775284	-0.2525331.01602	-0.561758	0.0983379	0.764802	0.510421	0.0921241	-0.382180.814278	-0.844103	0.0195536	0.830052	0.210552	0.132213	-0.4992010.550401	-1.06175	0.0687534	0.771689	-0.0918874	0.222317	-0.5887510.317635	-1.17896	0.291005	0.601451	-0.393354	0.315235	-0.6198030.216041	-1.15172	0.51823	-0.392598	0.577198	-0.379254	0.6073520.234239	-1.00589	0.76802	-0.100241	0.718023	-0.407328	0.5554080.34071	-0.7875	0.902898	0.19751	0.751022	-0.384448	0.4991550.474642	-0.542475	0.90428	0.479106	0.677793	-0.312942	0.4616510.577419	-0.340893	0.79343	0.704362	0.502459	-0.211188	0.4547630.632867	-0.219481	0.639829	0.831022	0.245114	-0.106988	0.4877240.649523	-0.170486	0.546271	0.843231	0.0420697	-0.0390877	0.5344750.651306	-0.157886	0.533994	0.836472	0.00750353	-0.0305517	0.5471060.651235	-0.157481	0.53398	0.836274	0.00750599	-0.0305319	0.54741
r	RRTStarConfigDefault	4	0	1	8	0.155801	-0.871028	0.396108	0.996907	-0.0177606	0.0169514	0.07465380.164364	-0.875545	0.392564	0.99732	-0.0170331	0.0127371	0.07000950.261016	-0.898587	0.373407	0.997992	-0.0143917	-0.0226914	0.05734980.462896	-0.886289	0.316827	0.996888	0.00608518	-0.0610312	0.04951470.640819	-0.795062	0.244575	0.996275	0.032506	-0.0603661	0.05230270.719022	-0.707866	0.20687	0.995079	0.04264	-0.0459505	0.07672890.73018	-0.690844	0.204035	0.994228	0.0437519	-0.04432	0.08735830.730437	-0.690538	0.204235	0.994206	0.0436488	-0.0443862	0.087634
r	RRTStarConfigDefault	4	1	1	18	0.730457	-0.690523	0.204292	0.994202	0.0436599	-0.0444273	0.0876450.737865	-0.689884	0.225751	0.992852	0.0457697	-0.0613086	0.09160360.766739	-0.698215	0.379999	0.973788	0.0681286	-0.186587	0.1108180.731298	-0.733381	0.588062	0.917226	0.117851	-0.359097	0.125920.641572	-0.774358	0.734486	0.83386	0.18987	-0.49778	0.1443670.525335	-0.802936	0.82717	0.705845	0.320504	-0.600002	0.1976310.427583	-0.81455	0.869051	0.519248	0.510916	-0.612948	0.3060070.410345	-0.824371	0.884412	0.312293	0.685219	-0.511704	0.4136520.440636	-0.890293	0.864766	0.0534051	0.798726	-0.361339	0.4781420.573446	-0.936425	0.820456	-0.210054	0.837126	-0.175813	0.4734850.777598	-0.919612	0.73661	-0.464211	0.791264	-0.00221641	0.3981.00817	-0.766382	0.63922	0.675857	-0.677347	-0.144597	-0.2520121.17065	-0.489983	0.527871	0.827618	-0.508529	-0.22998	-0.05963851.1964	-0.134424	0.423787	0.904813	-0.312316	-0.242538	0.1579471.06222	0.206481	0.344231	0.9048	-0.122472	-0.180502	0.3657280.869196	0.420723	0.307449	0.857036	-0.00604291	-0.0973917	0.5059320.755411	0.501301	0.296989	0.822005	0.040581	-0.0488166	0.5659320.751034	0.504959	0.297092	0.820393	0.0416171	-0.0482443	0.56824
r	RRTStarConfigDefault	4	2	1	8	0.751014	0.504985	0.29709	0.820386	0.0416035	-0.0482489	0.568250.744064	0.502769	0.308175	0.815906	0.0481217	-0.0474578	0.5742210.742331	0.418583	0.383527	0.800567	0.0863797	-0.0392867	0.5916820.747038	0.217214	0.48008	0.796197	0.10045	-0.045039	0.5949390.693143	0.0110037	0.528806	0.801105	0.0571629	-0.0440842	0.5941540.648625	-0.130361	0.534019	0.824764	0.00942274	-0.0314439	0.5645230.651049	-0.156672	0.534049	0.836055	0.0068345	-0.0309534	0.5477290.651187	-0.157484	0.534076	0.836436	0.00680691	-0.030986	0.547146
r	RRTConfigDefault	0	0	1	8	0.155667	-0.871041	0.396047	0.996914	-0.0177131	0.016906	0.07459080.161295	-0.874756	0.394546	0.997254	-0.0181122	0.0134222	0.07054240.250489	-0.896881	0.374089	0.998013	-0.0143385	-0.0185484	0.05848170.450721	-0.889653	0.321149	0.996969	0.00484768	-0.0602937	0.04893620.631872	-0.80202	0.247695	0.996282	0.0313397	-0.0608267	0.05234220.716394	-0.710782	0.208766	0.994986	0.0429064	-0.0468022	0.07727870.729951	-0.690923	0.203648	0.994205	0.044166	-0.0440233	0.08756630.730389	-0.690443	0.204352	0.994152	0.0440988	-0.044419	0.0879958
r	RRTConfigDefault	0	1	1	20	0.73037	-0.690452	0.204233	0.994156	0.0441226	-0.0443553	0.08797090.729289	-0.700823	0.195798	0.995295	0.0462266	-0.0369296	0.07673380.691252	-0.821731	0.119978	0.996055	0.0643076	0.0358209	-0.04954760.619065	-0.899186	0.00823654	0.981004	0.0168158	0.150766	-0.1209070.501742	-0.948046	-0.114741	0.936519	-0.107899	0.315467	-0.1084880.409007	-1.01111	-0.146477	0.864004	-0.246545	0.434385	-0.06341660.340138	-1.09662	-0.102719	0.754835	-0.395884	0.522966	0.002635140.320399	-1.15983	-0.0226542	0.620848	-0.518954	0.579529	0.09685320.339424	-1.18432	0.0488083	0.475537	-0.596087	0.612945	0.2069850.348655	-1.19812	0.101687	0.3408	-0.619559	0.649786	0.2788890.406796	-1.21232	0.228596	0.101392	-0.634705	0.685264	0.3424650.567438	-1.16091	0.393455	-0.164171	-0.637558	0.671575	0.3399340.783073	-0.998198	0.540923	0.421376	0.614909	-0.610452	-0.2677270.972938	-0.729604	0.627275	0.633586	0.559943	-0.515526	-0.1387981.08683	-0.352999	0.633541	0.79661	0.463161	-0.385701	0.0461441.06587	0.0256426	0.548827	0.879857	0.321838	-0.246601	0.247910.907862	0.351871	0.398386	0.873213	0.144407	-0.114004	0.4512750.784177	0.478318	0.312958	0.833083	0.0568599	-0.0575707	0.5471970.750682	0.505384	0.297	0.820151	0.0416934	-0.04762	0.5686350.751039	0.505019	0.297026	0.820274	0.0418365	-0.0475757	0.568452
r	RRTConfigDefault	0	2	1	8	0.751059	0.505006	0.297017	0.820283	0.0418166	-0.0475782	0.568440.745397	0.503842	0.303033	0.816531	0.0460705	-0.0460356	0.5736160.738675	0.435126	0.376209	0.797246	0.0790567	-0.0434046	0.5968790.72592	0.213835	0.492621	0.780711	0.0919753	-0.0498214	0.6160750.664958	-0.0544198	0.534313	0.804745	0.0297077	-0.0391238	0.5915850.649767	-0.150568	0.533225	0.833158	0.00702877	-0.029644	0.5521950.65116	-0.157201	0.534019	0.836425	0.00716457	-0.0306177	0.5471790.65124	-0.157391	0.534086	0.836546	0.00723136	-0.0306995	0.546988
r	RRTConfigDefault	1	0	1	8	0.155718	-0.871062	0.396101	0.996914	-0.0177328	0.016977	0.07457010.167103	-0.876535	0.392275	0.997368	-0.0173078	0.0112222	0.0695060.266581	-0.898932	0.371708	0.997967	-0.0136725	-0.0238832	0.05747830.470762	-0.88426	0.314116	0.996819	0.00694074	-0.0620877	0.04949080.646117	-0.790148	0.242019	0.996169	0.0323597	-0.0600372	0.05473870.72048	-0.705503	0.205033	0.994994	0.0425256	-0.0455737	0.0781180.730343	-0.69081	0.204529	0.99415	0.0434591	-0.045075	0.08800610.730431	-0.690576	0.204163	0.994148	0.0434552	-0.0448252	0.088163
r	RRTConfigDefault	1	1	1	11	0.730465	-0.690548	0.204295	0.994141	0.0434462	-0.0449037	0.08819910.730284	-0.691924	0.200407	0.994562	0.0442387	-0.0391299	0.08577520.754429	-0.663271	0.176376	0.994244	0.0480481	0.00133742	0.09575720.832696	-0.553304	0.147084	0.987786	0.0428947	0.0595355	0.1374540.915301	-0.397818	0.144549	0.978503	0.027735	0.0790891	0.1884350.974648	-0.204885	0.165892	0.965841	0.0158859	0.062446	0.2509960.985145	0.0244791	0.206815	0.941734	0.0154553	0.0222909	0.3352640.919329	0.272348	0.259769	0.89558	0.027646	-0.0237698	0.4434050.793593	0.461317	0.292221	0.837815	0.0394115	-0.0457973	0.54260.7517	0.504411	0.296999	0.820821	0.0420447	-0.0480387	0.5676060.751091	0.504993	0.297082	0.820581	0.0420865	-0.0480821	0.567946
r	RRTConfigDefault	1	2	1	9	0.751082	0.505004	0.297088	0.820577	0.0420906	-0.0480851	0.5679520.749745	0.502213	0.30071	0.822488	0.0453992	-0.0444121	0.5652260.772472	0.438178	0.320077	0.846056	0.0590557	-0.0121388	0.5296740.806927	0.269742	0.353808	0.872856	0.070373	0.0416411	0.4810790.781734	0.106179	0.404299	0.868851	0.0690661	0.0635183	0.48610.710815	-0.0250346	0.474184	0.841703	0.0457701	0.0308659	0.5371120.658039	-0.124583	0.525234	0.830533	0.014604	-0.0197536	0.5564270.650096	-0.154881	0.534741	0.835444	0.00731313	-0.0306447	0.5486710.651101	-0.157243	0.534356	0.836703	0.00740129	-0.0305514	0.546754
r	RRTConfigDefault	2	0	1	8	0.155671	-0.871046	0.396084	0.996908	-0.0177911	0.0169958	0.0746260.163775	-0.875366	0.392751	0.997305	-0.0171183	0.0129738	0.07015560.258572	-0.898097	0.373506	0.997977	-0.0144051	-0.0217487	0.05797750.460637	-0.887218	0.31756	0.9969	0.0056773	-0.0612657	0.04903820.652421	-0.784206	0.238178	0.996168	0.0333404	-0.0586955	0.05560980.722003	-0.702466	0.203148	0.99496	0.0429568	-0.0444994	0.07892120.730256	-0.690724	0.204773	0.994146	0.0433058	-0.0451325	0.08809470.730259	-0.690565	0.204145	0.994155	0.0433774	-0.0447588	0.0881498
r	RRTConfigDefault	2	1	1	12	0.730292	-0.690536	0.204278	0.994149	0.0433694	-0.0448383	0.08818590.730037	-0.690661	0.200632	0.994425	0.0434062	-0.0392938	0.0876960.74744	-0.664113	0.178031	0.9939	0.0437423	-0.000568333	0.101240.801133	-0.587293	0.147938	0.98882	0.0378207	0.0574336	0.132310.872	-0.476912	0.138442	0.982157	0.0245109	0.0858777	0.1655030.940076	-0.342584	0.149281	0.976107	0.0118302	0.0802398	0.2015860.987811	-0.175943	0.177169	0.966097	0.00843482	0.0506712	0.2530170.995448	0.0182765	0.216312	0.945282	0.0139986	0.00997808	0.3258020.945116	0.225177	0.258075	0.907882	0.0267405	-0.0263847	0.417540.834626	0.415625	0.29034	0.854199	0.0377728	-0.0469538	0.5164420.758233	0.498364	0.296999	0.822904	0.0411236	-0.0487446	0.5645890.751105	0.504831	0.297096	0.82026	0.0415663	-0.0484891	0.568414
r	RRTConfigDefault	2	2	1	10	0.751022	0.504909	0.297115	0.820227	0.0415734	-0.0484964	0.5684610.744519	0.505363	0.305095	0.814625	0.0435154	-0.0502656	0.5761650.733961	0.456568	0.369356	0.784742	0.047406	-0.0659578	0.6144770.752509	0.310307	0.442857	0.771192	0.0358113	-0.0776573	0.6308330.740677	0.158408	0.487511	0.772584	0.0220397	-0.0696216	0.6306990.701993	0.0255969	0.514078	0.784164	0.0139995	-0.0513204	0.618270.653554	-0.0816411	0.531146	0.804895	0.011461	-0.0347942	0.5922860.649609	-0.146854	0.533943	0.831831	0.00762253	-0.0306283	0.554130.651102	-0.156933	0.533988	0.836358	0.00729835	-0.0306422	0.5472780.651192	-0.157419	0.534002	0.836588	0.00728755	-0.0306594	0.546926
r	RRTConfigDefault	3	0	1	8	0.155748	-0.871038	0.39612	0.996908	-0.0177793	0.0169077	0.07464680.163785	-0.875391	0.392879	0.997315	-0.0171155	0.0128204	0.07003960.258104	-0.898038	0.373593	0.997975	-0.0144546	-0.0216371	0.05803970.460061	-0.887193	0.317642	0.99689	0.00592857	-0.06128	0.04919940.638561	-0.79662	0.245339	0.996208	0.0319127	-0.0607686	0.05346970.718331	-0.708398	0.207315	0.99497	0.0427049	-0.0466322	0.07769580.730036	-0.690876	0.2039	0.994175	0.043977	-0.0446669	0.08767060.730351	-0.690538	0.204286	0.994145	0.0438668	-0.0448464	0.0879796
r	RRTConfigDefault	3	1	0	0	
r	RRTConfigDefault	3	2	1	7	0.730361	-0.69053	0.204298	0.994144	0.0438831	-0.0448614	0.08797960.733097	-0.683058	0.220972	0.992998	0.0444889	-0.0500584	0.0973160.75281	-0.576901	0.342858	0.975517	0.0407366	-0.0696046	0.2046010.721287	-0.326911	0.488795	0.908473	0.0240772	-0.0598277	0.4129370.653655	-0.169098	0.532879	0.841463	0.00755736	-0.0308337	0.5393810.651482	-0.158017	0.533692	0.836587	0.0071723	-0.0305838	0.5469330.651147	-0.157514	0.533949	0.836281	0.00725825	-0.0307111	0.547392
r	RRTConfigDefault	4	0	1	8	0.155659	-0.871108	0.396053	0.996916	-0.0177623	0.016993	0.07452590.163038	-0.875305	0.393018	0.997312	-0.0171729	0.0132286	0.06998770.256668	-0.898048	0.373649	0.997998	-0.0144493	-0.021199	0.0578150.45856	-0.888168	0.318713	0.996911	0.00520928	-0.0615419	0.0485240.637577	-0.797828	0.245414	0.996251	0.0317569	-0.0608497	0.05265810.718038	-0.708793	0.207479	0.994946	0.0424869	-0.0468488	0.0779930.72998	-0.690904	0.203746	0.994147	0.0438937	-0.0447138	0.08800790.730316	-0.690554	0.204196	0.994114	0.0437785	-0.0449316	0.0883301
r	RRTConfigDefault	4	1	1	13	0.730322	-0.690548	0.20419	0.994113	0.0437971	-0.0449363	0.08832640.733152	-0.675314	0.210639	0.992251	0.073536	-0.0477252	0.08805420.7605	-0.563313	0.265904	0.960095	0.252416	-0.0568672	0.1061610.791212	-0.375142	0.441668	0.806703	0.567678	-0.0372694	0.1599490.805261	-0.286357	0.647936	0.546743	0.813555	0.0339954	0.1950490.855344	-0.302344	0.798105	0.217093	0.950468	0.132711	0.1785160.966199	-0.340832	0.826742	-0.134755	0.958523	0.229961	0.1009561.09873	-0.300158	0.723624	-0.457801	0.838409	0.293866	-0.03364771.164	-0.127192	0.541626	0.703798	-0.612047	-0.297311	0.2041381.0823	0.146767	0.37008	0.839827	-0.315813	-0.22403	0.3804780.868435	0.408038	0.298788	0.848449	-0.0432772	-0.100183	0.5179050.756383	0.499866	0.296931	0.822256	0.041567	-0.0481595	0.565550.751124	0.504859	0.29705	0.820324	0.0416393	-0.0482009	0.568341
r	RRTConfigDefault	4	2	1	31	0.751078	0.504901	0.297045	0.820307	0.0416389	-0.0481974	0.5683660.758314	0.500585	0.297939	0.821175	0.0321558	-0.0548375	0.5671250.836244	0.448879	0.312386	0.826348	-0.0674403	-0.119987	0.546080.989972	0.304366	0.377018	0.80796	-0.276277	-0.228218	0.4677491.09065	0.148749	0.486743	0.732968	-0.486917	-0.304251	0.3648291.12551	0.00765294	0.617739	0.60279	-0.677893	-0.339325	0.2489271.10076	-0.0810829	0.737471	-0.426134	0.827406	0.338458	-0.138761.04476	-0.119875	0.815053	-0.203451	0.930486	0.301708	-0.04212980.992048	-0.0923805	0.803378	0.0834849	0.96752	0.237591	0.02203540.974654	-0.0677158	0.685456	0.379841	0.909232	0.165065	0.04208360.992304	-0.090051	0.526687	0.578684	0.805968	0.123818	0.01448981.01204	-0.131895	0.356382	0.724275	0.679239	0.114626	-0.03035791.02539	-0.173875	0.241171	0.803106	0.579842	0.117732	-0.0703021.05474	-0.201918	0.171069	0.83391	0.525075	0.112636	-0.1272931.08362	-0.214479	0.133728	0.87287	0.44923	0.0940385	-0.1656731.09297	-0.213007	0.117265	0.893307	0.403764	0.0828015	-0.1792251.05774	-0.368625	0.0461292	0.917275	0.300722	0.0873423	-0.2460570.966457	-0.595484	0.00346748	0.926461	0.147804	0.104258	-0.3300830.82399	-0.802715	0.0222414	0.9046	-0.0179339	0.152484	-0.3976510.641232	-0.968384	0.111348	0.840129	-0.182709	0.231549	-0.4551770.439048	-1.06232	0.273887	0.722819	-0.327724	0.331777	-0.5099540.252515	-1.05034	0.497365	0.548656	-0.434285	0.435231	-0.5665220.130647	-0.918003	0.738996	-0.333252	0.48896	-0.507824	0.626080.0936285	-0.64277	0.9306	-0.0489531	0.458723	-0.559665	0.6884410.199268	-0.304596	0.982953	0.254577	0.34896	-0.517987	0.7383130.349355	-0.100005	0.893341	0.464189	0.222998	-0.414693	0.750220.451893	-0.0429776	0.801125	0.579109	0.142173	-0.331122	0.7312850.572909	-0.0628806	0.672517	0.717158	0.0612369	-0.201956	0.664190.643673	-0.138691	0.554669	0.820387	0.0131964	-0.0590381	0.5685990.65131	-0.157495	0.534117	0.836806	0.0077318	-0.030923	0.5465710.651232	-0.157501	0.533997	0.836756	0.00769839	-0.0307919	0.546656
r	SBLConfigDefault	0	0	1	8	0.155775	-0.87107	0.39612	0.996911	-0.0177669	0.0169247	0.07460640.167533	-0.876666	0.39232	0.997375	-0.0173195	0.0109613	0.06945050.267699	-0.899176	0.371586	0.997961	-0.0142033	-0.0242351	0.05731620.47144	-0.883884	0.313974	0.996829	0.00740021	-0.061888	0.04946090.646619	-0.789885	0.242029	0.99624	0.0334233	-0.0596692	0.05317540.720475	-0.705262	0.204926	0.995024	0.042653	-0.0450443	0.07796410.730101	-0.690829	0.203978	0.994211	0.0436793	-0.0442907	0.08760630.730383	-0.6905	0.204247	0.994184	0.0435841	-0.0444025	0.0878985
r	SBLConfigDefault	0	1	1	13	0.730398	-0.690488	0.204281	0.994182	0.0435962	-0.0444296	0.08790510.734054	-0.690197	0.210761	0.993931	0.038459	-0.0481353	0.09113530.792913	-0.636035	0.258785	0.985449	-0.00530417	-0.0754442	0.1522180.890129	-0.482991	0.331636	0.954572	-0.0577716	-0.121631	0.2658210.952026	-0.315727	0.396147	0.916106	-0.0866534	-0.168056	0.353550.981302	-0.156993	0.445147	0.883583	-0.0898717	-0.204214	0.4117050.985814	-0.00926004	0.469221	0.862546	-0.0707839	-0.21903	0.4505880.971099	0.130132	0.46207	0.853403	-0.0361814	-0.20675	0.4771240.931494	0.264962	0.416806	0.851378	0.00341991	-0.160709	0.4993160.862462	0.38706	0.340676	0.849034	0.0321632	-0.0890892	0.5197780.8577	0.393326	0.336194	0.848722	0.033542	-0.084826	0.5209140.753301	0.502923	0.29694	0.821389	0.0412577	-0.0477934	0.5668630.751041	0.504957	0.297135	0.820545	0.0415902	-0.0477823	0.568061
r	SBLConfigDefault	0	2	1	9	0.751026	0.504979	0.297148	0.820539	0.04159	-0.0477952	0.5680680.744631	0.504922	0.304348	0.816624	0.0466622	-0.0471374	0.5733460.744241	0.441781	0.374582	0.802	0.0834674	-0.0481571	0.5894990.758264	0.267108	0.470736	0.795312	0.105489	-0.0591518	0.5940130.717394	0.0619897	0.528692	0.797826	0.0739004	-0.0599027	0.5953360.662635	-0.0979065	0.535506	0.818606	0.0211081	-0.0385893	0.5726690.650422	-0.154123	0.533796	0.834734	0.00658177	-0.0304649	0.5497710.65126	-0.157267	0.534053	0.836373	0.00675592	-0.0308016	0.5472530.651235	-0.157389	0.534009	0.836402	0.0067194	-0.0307485	0.547212
r	SBLConfigDefault	1	0	1	8	0.15565	-0.871033	0.396035	0.996915	-0.0176759	0.0169437	0.07456650.164445	-0.875595	0.392542	0.99733	-0.0169566	0.01252	0.06991730.26031	-0.898424	0.373353	0.997976	-0.0145514	-0.0224343	0.05770310.463095	-0.886859	0.317266	0.996896	0.00579026	-0.0617023	0.04856420.640748	-0.795172	0.244559	0.996253	0.0319717	-0.0603921	0.05301140.718881	-0.7076	0.206676	0.994983	0.0422931	-0.0459803	0.07814430.730073	-0.690857	0.204009	0.994173	0.04353	-0.0443924	0.08806040.730324	-0.690557	0.204191	0.994151	0.0434329	-0.0444493	0.0883266
r	SBLConfigDefault	1	1	1	13	0.730344	-0.690542	0.204252	0.994148	0.0434425	-0.0444918	0.08833860.732452	-0.691443	0.207673	0.994099	0.0397621	-0.0465831	0.0895320.785893	-0.643573	0.250524	0.986909	-0.000386815	-0.070268	0.1451620.883576	-0.494017	0.323733	0.957917	-0.051135	-0.115387	0.2578090.949179	-0.326833	0.387389	0.91961	-0.0829553	-0.161792	0.3482230.98052	-0.166645	0.435629	0.886893	-0.08776	-0.197044	0.4085250.987039	-0.0169048	0.461213	0.865123	-0.0700459	-0.213516	0.4484040.971403	0.125304	0.455045	0.854707	-0.0361927	-0.201527	0.4770250.9322	0.261635	0.413035	0.851747	0.00259418	-0.15819	0.4994960.858821	0.391344	0.335666	0.84868	0.0329678	-0.0847233	0.5210340.76795	0.489252	0.296953	0.826591	0.0415631	-0.0478887	0.559220.751338	0.50481	0.297132	0.82042	0.0416506	-0.0477885	0.5682360.751096	0.505012	0.297089	0.820331	0.0416419	-0.0477487	0.568369
r	SBLConfigDefault	1	2	1	9	0.751092	0.505014	0.297085	0.82033	0.0416424	-0.0477456	0.5683710.74455	0.505217	0.303209	0.816527	0.0467371	-0.0464549	0.5735350.742658	0.427953	0.384307	0.798935	0.0883213	-0.0463119	0.5930920.75598	0.245609	0.477921	0.795195	0.104805	-0.0579543	0.5944090.715475	0.0571015	0.528579	0.798511	0.0727603	-0.0580906	0.5947370.66131	-0.102213	0.535074	0.819845	0.0197618	-0.0375483	0.5710110.65067	-0.154524	0.534096	0.835257	0.00682085	-0.0309815	0.5489440.651133	-0.157349	0.534029	0.836551	0.00671503	-0.0309212	0.5469740.651164	-0.157426	0.534053	0.836599	0.00672905	-0.0309497	0.5469
r	SBLConfigDefault	2	0	1	8	0.155725	-0.871007	0.39609	0.996909	-0.0177335	0.0169851	0.07462280.163901	-0.875329	0.392592	0.997315	-0.016845	0.0129999	0.07006660.260248	-0.898429	0.373456	0.997991	-0.0143833	-0.0224359	0.05747050.462243	-0.886625	0.317192	0.996896	0.00627814	-0.0612377	0.0490760.640209	-0.795482	0.244799	0.996225	0.0322113	-0.060512	0.05325910.71669	-0.7106	0.208557	0.994998	0.0429567	-0.0468673	0.07705090.729905	-0.691016	0.203684	0.994208	0.0442667	-0.0441637	0.08741480.730333	-0.690555	0.204385	0.994157	0.0441903	-0.044554	0.0878307
r	SBLConfigDefault	2	1	1	13	0.730315	-0.690564	0.204271	0.994161	0.0442142	-0.0444933	0.08780550.73301	-0.676409	0.210391	0.992455	0.0718239	-0.0471147	0.08748720.760284	-0.564693	0.264945	0.960798	0.250163	-0.0563121	0.105430.791071	-0.375751	0.440717	0.80743	0.56681	-0.0370986	0.1593970.805143	-0.286065	0.646713	0.549039	0.812018	0.033607	0.1950710.850561	-0.299191	0.792673	0.236613	0.945991	0.127623	0.1811820.957962	-0.338516	0.829213	-0.114142	0.961507	0.22573	0.1073391.09152	-0.305257	0.733109	-0.440536	0.848549	0.292091	-0.02400971.16301	-0.139673	0.55449	0.690655	-0.628905	-0.30037	0.1930071.09098	0.130729	0.377706	0.836233	-0.332172	-0.229994	0.3707830.876814	0.399177	0.299568	0.850597	-0.0486562	-0.103245	0.5132810.758083	0.498596	0.297105	0.823087	0.0407801	-0.0488701	0.5643370.751116	0.504884	0.297143	0.82064	0.0416149	-0.0483168	0.567877
r	SBLConfigDefault	2	2	1	21	0.751062	0.504936	0.297145	0.82062	0.0416165	-0.048317	0.5679050.764742	0.495895	0.287456	0.823833	0.0196956	-0.0543151	0.563880.913555	0.372191	0.241806	0.829232	-0.201779	-0.117814	0.507721.10186	0.127148	0.294592	0.73891	-0.52286	-0.178433	0.3857351.18893	-0.105437	0.440683	0.524716	-0.792819	-0.17767	0.2540571.18505	-0.261743	0.585819	-0.223688	0.955236	0.118624	-0.1530241.14261	-0.368131	0.656224	0.111484	0.987122	0.0223152	-0.1125291.08356	-0.498942	0.633355	0.421741	0.890447	-0.0783239	-0.1519980.979464	-0.659606	0.509815	0.653449	0.700889	-0.0975898	-0.2687660.765026	-0.863937	0.412613	0.771533	0.472363	-0.0633468	-0.4214230.424289	-0.996302	0.34809	0.767955	0.257294	0.0714905	-0.582180.0354351	-0.978513	0.38877	0.656148	0.102564	0.249354	-0.704821-0.219424	-0.790692	0.478663	-0.46413	-0.0601318	-0.481599	0.740966-0.306482	-0.552419	0.662965	-0.21727	-0.0796527	-0.657236	0.71728-0.192903	-0.370033	0.858657	-0.0497391	0.123894	0.741748	-0.6572560.0364093	-0.287432	0.968499	-0.298961	0.147743	0.722538	-0.6055850.362565	-0.254239	0.937058	0.56965	-0.0995098	-0.575167	0.5786010.581439	-0.219345	0.766915	0.752674	-0.0432031	-0.338687	0.5629450.650702	-0.17922	0.585286	0.830222	-0.00291047	-0.102411	0.5479370.651774	-0.159436	0.534009	0.837499	0.00746023	-0.0306781	0.5455260.651179	-0.157497	0.534133	0.836437	0.0070918	-0.0307726	0.547153
r	SBLConfigDefault	3	0	1	8	0.155664	-0.87102	0.396063	0.996907	-0.0177804	0.0170222	0.07463860.162894	-0.875259	0.393168	0.997306	-0.0173359	0.0132558	0.07003230.255267	-0.897559	0.373257	0.998003	-0.0139721	-0.0201421	0.0582080.45719	-0.888044	0.318968	0.996904	0.00511551	-0.0610734	0.0492640.63648	-0.798442	0.2456	0.996266	0.0315624	-0.060621	0.05275050.71759	-0.708978	0.207708	0.994914	0.0422609	-0.0468248	0.07853730.729992	-0.690828	0.203692	0.994174	0.0437267	-0.0445824	0.08785540.730363	-0.690452	0.204245	0.994136	0.0436125	-0.0448654	0.0882009
r	SBLConfigDefault	3	1	1	13	0.730363	-0.69045	0.204212	0.994136	0.0436333	-0.0448544	0.08819090.732124	-0.680306	0.208778	0.992977	0.0642472	-0.0468174	0.08761420.758183	-0.573681	0.259174	0.96486	0.234452	-0.0563286	0.1044270.789013	-0.391751	0.41911	0.828981	0.535984	-0.0417999	0.1541530.802779	-0.289572	0.626366	0.579448	0.791295	0.0246734	0.1936070.84608	-0.296106	0.786424	0.256282	0.9411	0.12219	0.1836280.951312	-0.337665	0.830338	-0.0967336	0.963889	0.22135	0.1120921.08549	-0.310185	0.740268	-0.425598	0.857044	0.289941	-0.01663761.16275	-0.151783	0.562971	0.681617	-0.640969	-0.300884	0.184461.09905	0.115443	0.385271	0.831169	-0.349453	-0.23608	0.3623630.869567	0.406965	0.298973	0.84861	-0.0445115	-0.101165	0.5173440.756527	0.499895	0.296952	0.822396	0.04139	-0.0485652	0.5653250.751176	0.504903	0.297067	0.820426	0.0415517	-0.0485397	0.568171
r	SBLConfigDefault	3	2	1	9	0.751132	0.504943	0.297063	0.82041	0.0415515	-0.0485369	0.5681940.740785	0.508236	0.308184	0.812679	0.0483352	-0.0513009	0.5784330.663671	0.498234	0.392649	0.746719	0.0911449	-0.0670771	0.6554410.621364	0.379906	0.49023	0.687024	0.0947453	-0.0887368	0.7149460.62652	0.21036	0.533279	0.691416	0.0509012	-0.0886394	0.7151890.646199	-0.00367358	0.541045	0.763697	0.00744909	-0.0587849	0.6428490.649976	-0.146292	0.534496	0.831359	0.00671056	-0.0318991	0.5547790.651091	-0.157228	0.534025	0.836518	0.00676676	-0.030985	0.5470210.651131	-0.15739	0.534054	0.836601	0.00678266	-0.0310182	0.546892
r	SBLConfigDefault	4	0	1	8	0.155609	-0.871069	0.395992	0.996917	-0.0176856	0.0169615	0.07454220.161749	-0.875069	0.394107	0.99728	-0.0180325	0.013352	0.07021330.26757	-0.899135	0.371431	0.997956	-0.0140704	-0.0242447	0.05742760.471979	-0.883903	0.314383	0.996804	0.00694232	-0.0626434	0.04908120.647012	-0.789691	0.241321	0.996219	0.0331414	-0.0596963	0.05371040.720838	-0.705937	0.20534	0.995133	0.0432092	-0.0454603	0.07599930.730284	-0.690844	0.204319	0.994143	0.0435505	-0.0448266	0.08816760.7304	-0.690585	0.204067	0.994135	0.0435239	-0.0446371	0.0883646
r	SBLConfigDefault	4	1	1	11	0.730434	-0.690557	0.204198	0.994129	0.0435191	-0.0447165	0.08839760.730242	-0.691545	0.200178	0.994519	0.044183	-0.0385504	0.08656160.757427	-0.659168	0.175075	0.993969	0.0462507	0.0048275	0.09931680.833258	-0.552734	0.149795	0.987519	0.0400375	0.0581529	0.1407910.912725	-0.404799	0.148243	0.978481	0.025912	0.0762084	0.189990.974028	-0.212646	0.169008	0.965785	0.0138947	0.0603231	0.2518490.986459	0.0165017	0.209012	0.941956	0.0142364	0.0212541	0.334760.922965	0.264528	0.260202	0.89674	0.0269001	-0.0234072	0.441120.796601	0.457817	0.292116	0.838804	0.0389698	-0.0451507	0.5411560.752238	0.504006	0.297268	0.820795	0.0418405	-0.047662	0.5676910.751119	0.505004	0.297157	0.820399	0.0418235	-0.0475618	0.568273
r	SBLConfigDefault	4	2	1	18	0.75111	0.505011	0.297151	0.820396	0.0418226	-0.0475578	0.5682770.751091	0.504749	0.297359	0.820752	0.0447936	-0.0462644	0.5676440.756521	0.495781	0.298481	0.827408	0.0837292	-0.0273876	0.5546490.798667	0.447034	0.328311	0.838472	0.259134	0.034668	0.4781340.896621	0.332602	0.420675	0.802174	0.481202	0.0537607	0.3493870.991237	0.163837	0.584927	0.649537	0.727776	0.0263714	0.2185131.077	-0.11402	0.706883	0.431512	0.895489	-0.0490027	0.09744841.09877	-0.467289	0.740642	0.14627	0.978485	-0.145499	-0.0014361.0314	-0.800567	0.663258	-0.14351	0.9587	-0.237988	-0.06049880.90157	-1.03552	0.505993	-0.441532	0.844432	-0.293075	-0.07804180.822151	-1.08218	0.353832	0.681676	-0.674712	0.272069	0.07784720.814532	-1.03318	0.297643	0.794166	-0.556857	0.227945	0.08515240.872927	-0.788681	0.306176	0.919558	-0.340423	0.101669	0.1678950.848419	-0.490982	0.403698	0.937392	-0.147892	0.00757196	0.3152260.712436	-0.24637	0.510602	0.878645	-0.0223083	-0.0297145	0.4760270.653284	-0.166169	0.533006	0.841049	0.0061805	-0.0294958	0.5401180.651238	-0.157732	0.534081	0.836919	0.00688833	-0.0305825	0.5464290.651197	-0.157475	0.534101	0.836801	0.00691469	-0.0306059	0.546607
